0, 42.2, 400000000, 1000000000
1, 42.2, 399999000, 1000000000
2, 41.2, 400000000, 1000000000
3, 41.7, 400000000, 1000000000
4, 42.2, 400000000, 999998000
5, 42.2, 400000000, 1000000000
6, 42.2, 400000000, 999998000
7, 42.2, 400000000, 1000000000
8, 41.7, 400000000, 1000000000
0, 38.5, 400000000, 1000000000
1, 37.9, 399999000, 700000000
2, 37.9, 400000000, 700000000
3, 38.5, 400000000, 700000000
4, 37.9, 399999000, 700000000
0, 35.8, 400000000, 1000104000
1, 35.8, 400000000, 800000000
0, 35.8, 400000000, 1000000000
1, 34.7, 400000000, 700000000
2, 34.7, 400000000, 800000000
3, 35.2, 400000000, 700000000
4, 34.7, 400000000, 1000000000
5, 34.7, 400000000, 800000000
6, 34.7, 400000000, 999998000
0, 47.1, 400000000, 1000104000
1, 46.5, 400000000, 800000000
2, 46.5, 400000000, 1000000000
3, 46.5, 400000000, 700000000
4, 47.1, 399999000, 800000000
5, 47.1, 400000000, 700000000
6, 46.5, 400000000, 700000000
7, 46.5, 400000000, 700000000
8, 47.1, 400000000, 700000000
9, 47.1, 400000000, 800000000
10, 47.1, 400000000, 700000000
11, 47.6, 399999000, 700000000
12, 47.1, 399999000, 1000000000
13, 47.1, 400000000, 1000000000
14, 47.1, 400000000, 700000000
15, 47.1, 400000000, 700000000
16, 47.1, 400000000, 700000000
17, 47.6, 400000000, 1000000000
18, 47.1, 400000000, 700000000
19, 47.6, 400000000, 1000000000
20, 47.6, 400000000, 1000000000
21, 47.6, 400000000, 700000000
22, 47.6, 399999000, 700000000
23, 47.6, 400000000, 700000000
24, 47.6, 400000000, 700000000
25, 47.6, 400000000, 1000000000
26, 47.6, 400000000, 700000000
27, 47.6, 400000000, 1000000000
28, 47.6, 400000000, 700000000
29, 48.2, 400000000, 1000000000
30, 48.7, 399999000, 700000000
31, 47.6, 400000000, 700000000
32, 48.2, 400000000, 800000000
33, 48.7, 400000000, 700000000
34, 48.2, 400000000, 700000000
35, 48.2, 400000000, 700000000
36, 48.2, 400000000, 800000000
37, 48.7, 400000000, 800000000
38, 48.7, 400000000, 800000000
39, 48.7, 400000000, 700000000
40, 48.7, 400000000, 700000000
41, 48.7, 400000000, 1000000000
42, 48.7, 400000000, 700000000
43, 48.7, 400000000, 700000000
44, 48.7, 399999000, 1000000000
45, 48.7, 400000000, 700000000
46, 48.7, 400000000, 700000000
47, 48.7, 400000000, 1000000000
48, 48.7, 400000000, 700000000
49, 48.7, 400000000, 1000000000
50, 48.7, 400000000, 700000000
51, 49.2, 400000000, 700000000
52, 49.2, 400000000, 700000000
53, 48.7, 399999000, 1000000000
54, 49.2, 400000000, 800000000
55, 49.2, 399999000, 700000000
56, 49.2, 400000000, 700000000
57, 49.2, 399999000, 1000000000
58, 49.2, 400000000, 700000000
59, 49.2, 400000000, 700000000
60, 49.2, 399999000, 700000000
61, 49.8, 400000000, 1000000000
62, 49.2, 400000000, 700000000
63, 49.8, 400000000, 700000000
64, 49.8, 400000000, 800000000
65, 49.8, 399999000, 1000000000
66, 49.8, 400000000, 800000000
67, 49.8, 400000000, 700000000
68, 49.8, 400000000, 700000000
69, 49.8, 400000000, 799998000
70, 49.8, 400000000, 1000000000
71, 49.8, 399999000, 700000000
72, 49.8, 400000000, 700000000
73, 49.8, 399999000, 800000000
74, 50.3, 400000000, 700000000
75, 50.3, 400000000, 800000000
76, 49.8, 400000000, 700000000
77, 49.8, 400000000, 800000000
78, 50.3, 400000000, 700000000
79, 50.3, 400000000, 700000000
80, 50.3, 400000000, 1000000000
81, 49.8, 400000000, 700000000
82, 50.3, 400000000, 700000000
83, 50.8, 400000000, 700000000
84, 50.3, 400000000, 999998000
85, 50.3, 400000000, 800000000
86, 50.8, 399999000, 700000000
87, 49.8, 399999000, 1000000000
88, 50.8, 400000000, 1000000000
89, 50.3, 400000000, 800000000
90, 50.8, 400000000, 700000000
91, 50.8, 400000000, 700000000
92, 50.8, 400000000, 1000000000
93, 51.4, 400000000, 800000000
94, 50.8, 399999000, 700000000
95, 50.8, 400000000, 700000000
96, 50.8, 400000000, 1000000000
97, 50.8, 400000000, 800000000
98, 51.4, 400000000, 700000000
99, 50.8, 400000000, 999998000
100, 50.8, 399999000, 700000000
101, 50.8, 400000000, 800000000
102, 50.8, 400000000, 700002000
103, 51.4, 400000000, 700002000
104, 50.8, 400000000, 1000000000
105, 51.4, 400000000, 800000000
106, 50.8, 400000000, 700000000
107, 50.8, 400000000, 700000000
108, 51.9, 400000000, 1000000000
109, 51.4, 400000000, 800000000
110, 51.4, 400000000, 700000000
111, 51.4, 400000000, 800000000
112, 51.4, 400000000, 800000000
113, 51.4, 400000000, 1000000000
114, 51.9, 400000000, 700000000
115, 51.4, 400000000, 700000000
116, 51.4, 400000000, 1000000000
117, 51.4, 400000000, 800000000
118, 51.4, 400000000, 700000000
119, 51.4, 399999000, 700000000
120, 51.9, 399999000, 1000000000
121, 50.8, 399999000, 700000000
122, 51.4, 400000000, 700000000
123, 51.9, 400000000, 700000000
124, 51.9, 400000000, 1000000000
125, 51.4, 400000000, 700000000
126, 51.9, 400000000, 700000000
127, 51.4, 400000000, 700000000
128, 51.9, 400000000, 999998000
129, 51.9, 400000000, 800000000
130, 51.9, 400000000, 1000000000
131, 51.4, 400000000, 700000000
132, 51.9, 400000000, 1000000000
133, 51.9, 400000000, 800000000
134, 51.9, 400000000, 700000000
135, 51.9, 400000000, 700000000
136, 51.9, 400000000, 1000000000
137, 51.9, 400000000, 700000000
138, 51.9, 400000000, 700000000
139, 51.9, 400000000, 800000000
140, 51.9, 400000000, 1000000000
141, 51.9, 400000000, 800000000
142, 51.9, 400000000, 700000000
143, 51.9, 400000000, 800000000
144, 51.9, 399999000, 1000000000
145, 51.9, 400000000, 800000000
146, 51.9, 400000000, 700000000
147, 51.9, 400000000, 800000000
148, 52.5, 400000000, 1000000000
149, 51.9, 400000000, 800000000
150, 51.9, 400000000, 700000000
151, 51.9, 399999000, 700000000
152, 52.5, 400000000, 1000000000
153, 52.5, 400000000, 800000000
154, 53.0, 400000000, 700000000
155, 52.5, 400000000, 1000000000
156, 51.9, 400000000, 700000000
157, 51.9, 400000000, 700000000
158, 52.5, 400000000, 700000000
159, 52.5, 399999000, 700000000
160, 51.9, 400000000, 1000000000
161, 51.9, 400000000, 800000000
162, 53.0, 400000000, 700000000
163, 51.9, 400000000, 700000000
164, 51.9, 400000000, 700000000
165, 52.5, 400000000, 800000000
166, 53.0, 399999000, 700000000
167, 52.5, 400000000, 700000000
168, 53.0, 400000000, 700000000
169, 53.0, 400000000, 800000000
170, 53.0, 400000000, 700000000
171, 53.0, 400000000, 700000000
172, 52.5, 400000000, 1000000000
173, 51.9, 400000000, 700000000
174, 53.0, 400000000, 700000000
175, 53.0, 399999000, 800000000
176, 53.0, 400000000, 1000000000
177, 52.5, 400000000, 800000000
178, 53.0, 400000000, 700000000
179, 53.0, 399999000, 700000000
180, 53.0, 400000000, 800000000
181, 53.0, 400000000, 700000000
182, 51.9, 400000000, 700000000
183, 53.0, 400000000, 800000000
184, 53.0, 400000000, 800000000
185, 53.0, 400000000, 800000000
186, 53.0, 400000000, 700000000
187, 53.0, 400000000, 700000000
188, 53.5, 400000000, 700000000
189, 52.5, 400000000, 800000000
190, 53.0, 400000000, 700000000
191, 53.0, 400000000, 700000000
192, 53.0, 400000000, 1000000000
193, 53.5, 400000000, 700000000
194, 53.0, 400000000, 700000000
195, 53.0, 400000000, 699998000
196, 53.0, 400000000, 1000000000
197, 53.0, 400000000, 800000000
198, 53.0, 400000000, 700000000
199, 53.0, 400000000, 700000000
200, 53.0, 400000000, 1000000000
201, 53.0, 400000000, 800000000
202, 53.0, 400000000, 700000000
203, 53.0, 400000000, 700000000
204, 53.0, 400000000, 1000000000
205, 53.0, 400000000, 700000000
206, 53.5, 400000000, 700000000
207, 53.0, 400000000, 700000000
208, 53.5, 400000000, 1000000000
209, 53.0, 399999000, 700000000
210, 53.0, 399999000, 700000000
211, 53.0, 400000000, 800000000
212, 53.5, 400000000, 1000000000
213, 53.5, 399999000, 800000000
214, 53.5, 400000000, 700000000
215, 53.0, 400000000, 700000000
216, 53.5, 400000000, 1000000000
217, 53.5, 399999000, 800000000
218, 53.0, 400000000, 1000000000
219, 53.5, 400000000, 700000000
220, 53.0, 400000000, 1000000000
221, 53.5, 400000000, 800000000
222, 53.5, 400000000, 1000000000
223, 53.0, 400000000, 1000000000
224, 53.5, 400000000, 700000000
225, 53.5, 400000000, 800000000
226, 53.0, 400000000, 700000000
227, 53.0, 400000000, 700000000
228, 53.5, 400000000, 700000000
229, 53.5, 400000000, 800000000
230, 53.5, 400000000, 700000000
231, 54.1, 400000000, 700000000
232, 53.5, 400000000, 700000000
233, 53.0, 400000000, 800000000
234, 53.5, 400000000, 700000000
235, 53.5, 400000000, 1000000000
236, 53.5, 400000000, 800000000
237, 53.5, 400000000, 1000000000
238, 53.5, 400000000, 700000000
239, 53.0, 400000000, 1000000000
240, 53.0, 400000000, 700000000
241, 54.1, 399999000, 1000000000
242, 53.5, 400000000, 700000000
243, 54.1, 400000000, 1000000000
244, 53.5, 400000000, 700000000
245, 53.5, 400000000, 1000002000
246, 53.5, 400000000, 700000000
247, 53.5, 400000000, 999998000
248, 53.5, 400000000, 1000000000
249, 54.1, 400000000, 700000000
250, 53.5, 400000000, 800000000
251, 53.5, 400000000, 700000000
252, 54.1, 400000000, 700000000
253, 54.1, 400000000, 1000000000
254, 54.1, 400000000, 800000000
255, 54.1, 400000000, 700000000
256, 54.1, 400000000, 999998000
257, 54.1, 400000000, 700000000
258, 54.1, 400000000, 700000000
259, 53.5, 400000000, 700000000
260, 53.5, 400000000, 700000000
261, 54.1, 399999000, 800000000
262, 54.1, 400000000, 700000000
263, 53.5, 399999000, 700000000
264, 54.1, 400000000, 800000000
265, 54.6, 400000000, 999998000
266, 53.0, 400000000, 800000000
267, 54.1, 400000000, 700000000
268, 53.5, 400000000, 700000000
269, 53.5, 400000000, 1000000000
270, 54.1, 400000000, 800000000
271, 54.1, 400000000, 700000000
272, 54.1, 400000000, 700000000
273, 54.1, 400000000, 800000000
274, 53.5, 400000000, 700000000
275, 54.1, 400000000, 700000000
276, 54.1, 400000000, 700000000
277, 54.1, 400000000, 1000000000
278, 54.1, 400000000, 800000000
279, 53.5, 400000000, 1000000000
280, 54.1, 400000000, 700000000
281, 54.1, 400000000, 800000000
282, 54.1, 399999000, 800000000
283, 53.5, 400000000, 700000000
284, 54.1, 400000000, 1000000000
285, 54.1, 400000000, 1000000000
286, 54.1, 400000000, 800000000
287, 54.1, 400000000, 700000000
288, 54.1, 400000000, 700000000
289, 54.1, 400000000, 1000000000
0, 56.8, 399999000, 1000000000
1, 56.8, 400000000, 1000000000
2, 56.2, 400000000, 1000000000
3, 57.3, 400000000, 999998000
4, 56.8, 400000000, 1000000000
5, 56.2, 400000000, 1000000000
6, 56.8, 400000000, 1000000000
7, 56.8, 400000000, 1000000000
8, 57.3, 400000000, 1000000000
9, 57.3, 400000000, 1000000000
10, 57.3, 400000000, 1000000000
11, 57.3, 400000000, 1000000000
12, 57.3, 400000000, 1000000000
13, 57.3, 400000000, 1000000000
14, 57.3, 400000000, 1000000000
15, 57.3, 400000000, 1000000000
16, 57.3, 399999000, 1000000000
17, 57.8, 400000000, 999998000
18, 57.3, 399999000, 999998000
19, 57.3, 400000000, 1000000000
20, 57.3, 400000000, 1000000000
21, 57.8, 400000000, 1000000000
22, 57.3, 400000000, 999998000
23, 58.4, 399999000, 1000000000
24, 57.8, 400000000, 1000002000
25, 57.3, 399999000, 1000000000
26, 57.8, 400000000, 1000000000
27, 57.8, 400000000, 1000000000
28, 57.3, 400000000, 1000000000
29, 57.3, 400000000, 1000000000
30, 57.8, 400000000, 1000000000
31, 57.8, 400000000, 1000000000
32, 57.8, 400000000, 1000000000
33, 58.4, 400000000, 1000000000
34, 57.8, 400000000, 1000000000
35, 57.8, 400000000, 1000000000
36, 57.8, 399999000, 1000000000
37, 57.8, 400000000, 1000000000
38, 58.4, 400000000, 1000000000
39, 58.4, 400000000, 1000000000
40, 58.4, 400000000, 1000000000
41, 58.4, 400000000, 1000000000
42, 58.4, 400000000, 1000000000
43, 57.8, 400000000, 1000000000
44, 58.4, 400000000, 1000000000
45, 58.4, 400000000, 1000000000
46, 57.8, 400000000, 1000000000
47, 58.4, 400000000, 1000000000
48, 58.4, 399999000, 1000000000
49, 58.4, 400000000, 1000000000
50, 58.4, 400000000, 1000000000
51, 58.4, 400000000, 1000000000
52, 58.4, 400000000, 1000000000
53, 58.4, 400000000, 1000000000
54, 58.4, 400000000, 1000000000
55, 58.9, 400000000, 999998000
56, 58.4, 400000000, 1000000000
57, 58.9, 399999000, 1000000000
58, 58.4, 400000000, 1000000000
59, 58.4, 400000000, 1000000000
60, 58.4, 400000000, 1000000000
61, 58.4, 400000000, 1000000000
62, 58.4, 400000000, 1000000000
63, 58.4, 399999000, 1000000000
64, 58.4, 400000000, 1000000000
65, 57.8, 400000000, 1000000000
66, 58.9, 400000000, 1000000000
67, 58.9, 400000000, 1000000000
68, 58.9, 400000000, 1000000000
69, 58.9, 400000000, 1000000000
70, 58.9, 400000000, 1000000000
71, 58.9, 400000000, 1000000000
72, 58.9, 400000000, 1000002000
73, 58.4, 400000000, 1000000000
74, 58.9, 400000000, 1000000000
75, 58.4, 400000000, 1000000000
76, 58.4, 399999000, 1000000000
77, 59.5, 400000000, 1000000000
78, 58.9, 400000000, 1000000000
79, 58.9, 400000000, 1000000000
80, 58.9, 400000000, 1000000000
81, 58.9, 400000000, 1000000000
82, 59.5, 400000000, 1000000000
83, 58.9, 399999000, 1000000000
84, 58.9, 400000000, 1000000000
85, 58.4, 400000000, 1000000000
86, 58.9, 400000000, 1000000000
87, 59.5, 399999000, 1000000000
88, 58.9, 400000000, 1000000000
89, 58.4, 400000000, 1000000000
90, 59.5, 399999000, 1000000000
91, 59.5, 400000000, 1000000000
92, 59.5, 400000000, 1000000000
93, 59.5, 400000000, 1000000000
94, 59.5, 399999000, 999998000
95, 59.5, 399999000, 1000000000
96, 59.5, 400000000, 1000000000
97, 59.5, 400000000, 1000000000
98, 59.5, 400000000, 1000000000
99, 58.4, 400000000, 1000000000
100, 59.5, 400000000, 1000000000
101, 59.5, 399999000, 1000000000
102, 59.5, 400000000, 1000000000
103, 58.4, 400000000, 1000000000
104, 59.5, 400000000, 1000000000
105, 59.5, 400000000, 1000000000
106, 60.0, 399999000, 1000000000
107, 59.5, 399999000, 1000000000
108, 59.5, 400000000, 1000000000
109, 59.5, 400000000, 1000000000
110, 59.5, 400000000, 1000000000
111, 59.5, 400000000, 999998000
112, 58.9, 399999000, 1000000000
113, 59.5, 400000000, 1000000000
114, 59.5, 400000000, 999998000
115, 59.5, 400000000, 1000002000
116, 59.5, 400000000, 1000000000
117, 59.5, 400000000, 1000000000
118, 60.0, 400000000, 1000000000
119, 59.5, 400000000, 1000000000
120, 59.5, 399999000, 1000000000
121, 60.0, 400000000, 1000000000
122, 59.5, 400000000, 1000000000
123, 60.0, 400000000, 1000000000
124, 58.9, 400000000, 1000000000
125, 59.5, 400000000, 1000000000
126, 59.5, 400000000, 1000002000
127, 59.5, 399999000, 1000000000
128, 60.0, 400000000, 1000000000
129, 59.5, 400000000, 1000000000
130, 60.0, 400000000, 1000000000
131, 59.5, 400000000, 1000000000
132, 59.5, 400000000, 1000000000
133, 60.0, 400000000, 1000000000
134, 59.5, 400000000, 1000000000
135, 60.0, 400000000, 1000000000
136, 59.5, 400000000, 1000000000
137, 60.0, 400000000, 1000000000
138, 59.5, 400000000, 1000000000
139, 59.5, 400000000, 1000000000
140, 60.0, 399999000, 1000000000
141, 59.5, 400000000, 1000000000
142, 60.0, 400000000, 1000000000
143, 60.0, 400000000, 1000000000
144, 59.5, 400000000, 1000000000
145, 60.0, 400000000, 999998000
146, 59.5, 400000000, 1000000000
147, 60.0, 400000000, 1000000000
148, 59.5, 399999000, 999998000
149, 59.5, 399999000, 1000000000
150, 60.0, 400000000, 1000000000
151, 59.5, 400000000, 1000000000
152, 59.5, 400000000, 1000000000
153, 59.5, 400000000, 1000000000
154, 60.5, 400000000, 1000000000
155, 60.0, 400000000, 1000000000
156, 60.0, 400000000, 1000000000
157, 60.0, 400000000, 1000000000
158, 59.5, 400000000, 1000000000
159, 59.5, 400000000, 1000000000
160, 60.0, 400000000, 1000000000
161, 59.5, 400000000, 1000000000
162, 59.5, 400000000, 1000000000
163, 60.0, 400000000, 1000000000
164, 60.0, 400000000, 1000000000
165, 60.0, 400000000, 1000000000
166, 59.5, 400000000, 1000000000
167, 60.5, 400000000, 1000002000
168, 60.0, 400000000, 1000000000
169, 59.5, 399999000, 1000000000
170, 60.0, 400000000, 1000000000
171, 60.0, 400000000, 1000000000
172, 60.0, 400000000, 1000000000
173, 60.0, 400000000, 1000000000
174, 60.5, 399999000, 1000000000
175, 60.0, 400000000, 1000000000
176, 60.5, 400000000, 1000000000
177, 60.0, 399999000, 999998000
178, 60.0, 400000000, 1000000000
179, 60.5, 400000000, 1000000000
180, 60.0, 400000000, 1000000000
181, 60.0, 400000000, 1000000000
182, 59.5, 400000000, 1000000000
183, 60.5, 400000000, 1000000000
184, 60.0, 400000000, 999998000
185, 60.0, 400000000, 1000000000
186, 60.0, 400000000, 1000000000
187, 60.0, 400000000, 1000000000
188, 60.0, 400000000, 1000000000
189, 60.0, 400000000, 1000000000
190, 60.0, 400000000, 1000000000
191, 60.0, 399999000, 1000000000
192, 60.0, 400000000, 1000000000
193, 60.0, 400000000, 1000000000
194, 60.0, 400000000, 1000000000
195, 60.0, 400000000, 1000000000
196, 60.0, 400000000, 1000000000
197, 60.0, 400000000, 1000000000
198, 60.0, 400000000, 1000000000
199, 60.5, 400000000, 1000000000
200, 60.0, 400000000, 1000000000
201, 60.0, 400000000, 1000000000
202, 60.0, 400000000, 1000000000
203, 60.0, 400000000, 999998000
204, 60.0, 400000000, 1000000000
205, 60.0, 399999000, 1000000000
206, 60.5, 400000000, 999998000
207, 60.0, 400000000, 1000000000
208, 60.5, 400000000, 1000000000
209, 60.0, 400000000, 1000000000
210, 60.5, 400000000, 1000000000
211, 60.0, 400000000, 1000000000
212, 60.0, 400000000, 1000000000
213, 60.5, 400000000, 1000000000
214, 60.5, 400000000, 1000000000
215, 60.5, 400000000, 1000000000
216, 60.5, 400000000, 1000000000
217, 60.5, 400000000, 1000000000
218, 60.5, 400000000, 1000000000
219, 60.5, 400000000, 1000000000
220, 60.5, 400000000, 1000000000
221, 60.5, 400000000, 1000000000
222, 60.5, 400000000, 1000000000
223, 60.0, 400000000, 1000000000
224, 60.5, 400000000, 1000000000
225, 60.5, 400000000, 1000000000
226, 60.5, 400000000, 1000000000
227, 60.5, 399999000, 1000000000
228, 60.0, 400000000, 1000000000
229, 60.0, 400000000, 1000000000
230, 60.5, 400000000, 1000000000
231, 60.5, 399999000, 1000000000
232, 60.0, 400000000, 1000000000
233, 60.5, 400000000, 1000000000
234, 60.5, 400000000, 1000000000
235, 60.0, 400000000, 1000000000
236, 60.0, 400000000, 1000000000
237, 60.5, 400000000, 1000000000
238, 60.5, 400000000, 1000000000
239, 60.5, 400000000, 1000000000
240, 60.0, 400000000, 1000000000
241, 60.5, 400000000, 1000000000
242, 60.5, 400000000, 1000000000
243, 60.5, 400000000, 1000000000
244, 60.5, 400000000, 1000000000
245, 60.5, 400000000, 1000002000
246, 60.5, 400000000, 1000000000
247, 60.5, 400000000, 1000000000
248, 60.5, 400000000, 1000000000
249, 60.0, 400000000, 1000000000
250, 60.0, 400000000, 1000000000
251, 60.5, 400000000, 1000000000
252, 60.5, 400000000, 1000000000
253, 60.5, 400000000, 1000000000
254, 60.5, 399999000, 1000000000
255, 60.5, 400000000, 1000000000
256, 60.5, 400000000, 1000000000
257, 60.5, 400000000, 1000000000
258, 60.0, 400000000, 1000000000
259, 60.5, 400000000, 1000000000
260, 60.0, 400000000, 1000000000
261, 60.0, 400000000, 999998000
262, 60.0, 400000000, 1000000000
263, 60.5, 400000000, 1000000000
264, 60.5, 400000000, 1000000000
265, 60.5, 400000000, 1000000000
266, 60.5, 400000000, 999998000
267, 60.5, 400000000, 1000000000
268, 60.0, 400000000, 1000000000
269, 60.0, 399999000, 1000000000
270, 60.5, 400000000, 1000000000
271, 60.5, 400000000, 1000000000
272, 60.5, 400000000, 1000000000
273, 60.0, 400000000, 1000000000
274, 60.0, 400000000, 1000000000
275, 60.5, 400000000, 1000000000
276, 60.5, 400000000, 1000000000
277, 60.5, 400000000, 1000000000
278, 60.0, 400000000, 1000000000
279, 60.5, 399999000, 1000000000
280, 60.5, 399999000, 1000000000
281, 60.5, 400000000, 1000000000
282, 60.5, 400000000, 1000000000
283, 60.5, 400000000, 1000000000
284, 60.0, 400000000, 1000000000
285, 60.0, 400000000, 1000000000
286, 60.5, 400000000, 999998000
287, 60.5, 400000000, 999998000
288, 60.5, 400000000, 1000000000
289, 60.5, 400000000, 1000000000
290, 60.5, 400000000, 1000000000
291, 60.5, 400000000, 1000000000
292, 60.0, 400000000, 999998000
293, 60.5, 400000000, 1000000000
294, 60.0, 400000000, 1000000000
295, 60.5, 400000000, 1000000000
296, 60.5, 400000000, 1000000000
297, 60.0, 400000000, 1000000000
298, 60.0, 400000000, 1000000000
299, 60.5, 400000000, 1000000000
300, 60.5, 400000000, 1000000000
301, 60.5, 400000000, 1000000000
302, 60.5, 399999000, 1000000000
303, 60.5, 400000000, 1000000000
304, 60.0, 400000000, 1000000000
305, 60.5, 400000000, 1000000000
306, 61.1, 400000000, 1000000000
307, 60.5, 400000000, 1000000000
308, 60.5, 400000000, 999998000
309, 60.5, 400000000, 1000000000
310, 60.0, 400000000, 1000000000
311, 61.1, 400000000, 1000000000
312, 60.5, 400000000, 1000000000
313, 60.5, 400000000, 1000000000
314, 60.5, 400000000, 1000000000
315, 60.5, 399999000, 1000000000
316, 60.5, 400000000, 1000000000
317, 60.5, 400000000, 1000000000
318, 60.5, 400000000, 1000000000
319, 60.5, 400000000, 1000000000
320, 60.0, 400000000, 1000000000
321, 60.5, 400000000, 1000000000
322, 61.1, 400000000, 1000000000
323, 60.5, 400000000, 1000000000
324, 60.5, 399999000, 1000000000
325, 60.5, 400000000, 1000000000
326, 60.5, 400000000, 1000000000
327, 60.5, 400000000, 1000000000
328, 60.0, 400000000, 1000000000
329, 60.5, 400000000, 1000000000
330, 61.1, 400000000, 1000000000
331, 60.5, 400000000, 1000000000
332, 60.5, 400000000, 999998000
333, 60.5, 400000000, 1000000000
334, 60.5, 400000000, 1000000000
335, 60.5, 400000000, 1000000000
336, 60.5, 400000000, 1000000000
337, 60.5, 399999000, 1000000000
338, 60.5, 400000000, 1000000000
339, 60.5, 400000000, 1000000000
340, 60.5, 400000000, 1000000000
341, 60.5, 400000000, 1000002000
342, 60.5, 400000000, 1000000000
343, 60.5, 399999000, 1000000000
344, 60.5, 399999000, 1000000000
345, 60.5, 400000000, 1000000000
346, 60.5, 400000000, 1000000000
347, 60.5, 400000000, 1000000000
348, 60.5, 400000000, 1000000000
349, 60.5, 400000000, 1000000000
350, 60.5, 400000000, 1000000000
351, 60.5, 400000000, 1000000000
352, 60.5, 400000000, 1000000000
353, 60.5, 400000000, 1000000000
354, 60.5, 400000000, 1000000000
355, 60.5, 399999000, 1000000000
356, 60.5, 400000000, 1000000000
357, 60.5, 400000000, 1000002000
358, 60.5, 399999000, 999998000
359, 60.5, 400000000, 1000000000
360, 60.5, 400000000, 1000000000
361, 61.1, 400000000, 1000000000
362, 60.5, 400000000, 1000000000
363, 60.5, 400000000, 1000000000
364, 60.5, 400000000, 1000000000
365, 60.0, 400000000, 1000000000
366, 60.5, 400000000, 999998000
367, 60.5, 400000000, 1000000000
368, 60.5, 400000000, 1000000000
369, 60.5, 400000000, 1000000000
370, 60.5, 400000000, 1000000000
371, 60.5, 400000000, 1000000000
372, 60.5, 399999000, 1000000000
373, 60.5, 400000000, 1000000000
374, 60.5, 400000000, 1000000000
375, 60.5, 400000000, 1000000000
376, 60.5, 399999000, 1000000000
377, 60.5, 400000000, 1000000000
378, 60.5, 400000000, 1000000000
379, 60.5, 400000000, 1000000000
380, 60.5, 400000000, 1000000000
381, 60.5, 399999000, 1000000000
382, 60.5, 400000000, 1000000000
383, 60.0, 400000000, 1000000000
384, 60.5, 400000000, 999998000
385, 60.5, 400000000, 1000000000
386, 60.5, 399999000, 1000000000
387, 60.5, 399999000, 1000000000
388, 61.1, 400000000, 1000000000
389, 60.5, 400000000, 999998000
390, 60.5, 400000000, 1000000000
391, 60.5, 400000000, 1000000000
392, 60.5, 400000000, 1000000000
393, 60.5, 400000000, 1000000000
394, 60.5, 399999000, 1000000000
395, 60.5, 400000000, 1000000000
396, 60.5, 400000000, 1000000000
397, 60.5, 400000000, 1000000000
398, 60.5, 400000000, 1000000000
399, 60.5, 400000000, 1000000000
400, 60.5, 400000000, 1000000000
401, 60.5, 400000000, 1000000000
402, 60.5, 400000000, 1000000000
403, 60.5, 400000000, 1000000000
404, 60.5, 400000000, 1000000000
405, 60.5, 399999000, 1000000000
406, 61.1, 400000000, 1000000000
407, 61.1, 400000000, 1000002000
408, 60.0, 399999000, 1000000000
409, 60.0, 400000000, 999998000
410, 60.5, 400000000, 1000000000
411, 60.5, 400000000, 1000000000
412, 60.5, 400000000, 1000000000
413, 60.5, 400000000, 1000000000
414, 60.5, 400000000, 1000000000
415, 60.5, 400000000, 1000000000
416, 60.5, 399999000, 1000000000
417, 60.5, 400000000, 1000000000
418, 60.5, 400000000, 1000000000
419, 60.0, 399999000, 1000000000
420, 60.5, 400000000, 1000000000
421, 60.5, 400000000, 1000000000
422, 60.5, 399999000, 1000000000
423, 61.1, 400000000, 1000000000
424, 60.5, 400000000, 1000000000
425, 60.5, 400000000, 1000000000
426, 61.1, 400000000, 1000000000
427, 60.5, 399999000, 1000000000
428, 60.5, 400000000, 1000000000
429, 61.1, 400000000, 1000000000
430, 60.5, 399999000, 1000000000
431, 60.5, 400000000, 1000000000
432, 60.0, 400000000, 1000000000
433, 60.5, 400000000, 1000000000
434, 60.0, 400000000, 1000000000
435, 60.5, 400000000, 1000000000
436, 60.5, 400000000, 1000000000
437, 60.0, 399999000, 1000000000
438, 61.1, 400000000, 1000000000
439, 60.5, 399999000, 999998000
440, 60.5, 400000000, 1000000000
441, 60.5, 400000000, 999998000
442, 60.5, 400000000, 999998000
443, 60.0, 400000000, 1000000000
444, 60.5, 399999000, 1000000000
445, 60.5, 400000000, 1000000000
446, 61.1, 400000000, 1000000000
447, 61.1, 400000000, 1000000000
448, 60.5, 400000000, 1000000000
449, 60.5, 400000000, 1000000000
450, 60.5, 400000000, 1000000000
451, 60.5, 400000000, 1000000000
452, 61.1, 400000000, 1000000000
453, 60.5, 400000000, 1000000000
454, 60.5, 400000000, 1000000000
455, 60.5, 400000000, 1000002000
456, 60.5, 400000000, 1000000000
457, 60.0, 400000000, 1000000000
458, 60.5, 400000000, 1000000000
459, 61.1, 400000000, 1000000000
460, 61.1, 400000000, 1000000000
461, 60.5, 400000000, 1000000000
462, 60.0, 400000000, 1000000000
463, 60.5, 400000000, 1000002000
464, 60.5, 400000000, 1000000000
465, 60.5, 400000000, 1000000000
466, 61.1, 400000000, 1000000000
467, 60.5, 400000000, 1000002000
468, 60.5, 400000000, 1000000000
469, 60.5, 399999000, 999998000
470, 60.5, 399999000, 1000000000
471, 60.5, 400000000, 1000000000
472, 60.5, 400000000, 1000000000
473, 60.5, 400000000, 1000000000
474, 61.1, 400000000, 1000000000
475, 60.5, 400000000, 1000000000
476, 60.5, 400000000, 1000000000
477, 60.5, 400000000, 1000000000
478, 61.1, 400000000, 1000000000
479, 60.5, 400000000, 1000000000
480, 60.5, 400000000, 1000000000
481, 60.5, 400000000, 1000000000
482, 60.5, 400000000, 999998000
483, 60.5, 400000000, 1000000000
484, 60.5, 400000000, 1000000000
485, 60.5, 400000000, 1000002000
486, 60.5, 400000000, 1000000000
487, 60.5, 400000000, 1000000000
488, 60.5, 400000000, 1000000000
489, 60.5, 400000000, 1000000000
490, 60.5, 400000000, 1000000000
491, 60.5, 399999000, 1000000000
492, 60.5, 400000000, 1000000000
493, 60.5, 400000000, 1000000000
494, 60.5, 400000000, 1000000000
495, 60.5, 400000000, 1000000000
496, 60.5, 400000000, 1000000000
497, 60.5, 400000000, 1000000000
498, 60.5, 400000000, 1000000000
499, 61.1, 399999000, 1000000000
500, 60.5, 400000000, 1000000000
501, 60.5, 400000000, 1000000000
502, 60.5, 399999000, 1000000000
503, 60.5, 400000000, 1000000000
504, 60.5, 399999000, 1000000000
505, 60.5, 400000000, 1000000000
506, 60.5, 400000000, 1000000000
507, 61.1, 400000000, 1000000000
508, 60.5, 400000000, 1000000000
509, 60.5, 399999000, 1000000000
510, 60.5, 400000000, 1000000000
511, 61.1, 400000000, 1000000000
512, 60.5, 400000000, 1000000000
513, 60.5, 399999000, 1000000000
514, 60.5, 400000000, 1000000000
515, 60.5, 400000000, 1000002000
516, 61.1, 400000000, 1000000000
517, 60.5, 400000000, 1000000000
518, 60.5, 400000000, 1000000000
519, 60.5, 400000000, 1000000000
520, 60.5, 399999000, 1000000000
521, 60.5, 400000000, 1000000000
522, 61.1, 400000000, 1000000000
523, 60.5, 400000000, 999998000
524, 60.5, 400000000, 1000000000
525, 60.5, 400000000, 1000000000
526, 60.5, 400000000, 1000000000
527, 60.5, 400000000, 1000000000
528, 60.0, 400000000, 999998000
529, 60.5, 400000000, 999998000
530, 60.5, 400000000, 1000000000
531, 60.5, 400000000, 1000000000
532, 60.5, 400000000, 1000000000
533, 60.5, 400000000, 1000000000
534, 60.5, 400000000, 1000000000
535, 59.5, 400000000, 1000000000
536, 60.5, 399999000, 1000000000
537, 60.5, 400000000, 1000000000
538, 61.1, 400000000, 1000000000
539, 60.5, 400000000, 1000000000
540, 60.0, 400000000, 1000000000
541, 60.5, 399999000, 1000000000
542, 61.1, 400000000, 1000000000
543, 61.6, 400000000, 999998000
544, 60.5, 400000000, 1000000000
545, 60.5, 400000000, 1000000000
546, 60.5, 400000000, 1000000000
547, 60.5, 399999000, 1000000000
548, 60.0, 400000000, 1000000000
549, 60.5, 400000000, 1000000000
550, 60.5, 400000000, 1000000000
551, 60.5, 400000000, 1000000000
552, 60.5, 400000000, 1000000000
553, 60.5, 400000000, 1000000000
554, 60.5, 400000000, 1000000000
555, 60.0, 400000000, 1000000000
556, 60.5, 400000000, 1000000000
557, 60.5, 400000000, 1000000000
558, 60.5, 400000000, 999998000
559, 60.5, 400000000, 1000000000
560, 60.5, 400000000, 1000000000
561, 60.5, 400000000, 999998000
562, 61.1, 400000000, 1000000000
563, 60.5, 400000000, 1000000000
564, 61.1, 400000000, 1000000000
565, 60.5, 400000000, 1000000000
566, 60.5, 400000000, 1000000000
567, 60.5, 400000000, 1000000000
568, 61.1, 400000000, 1000000000
569, 60.5, 400000000, 1000000000
570, 60.5, 400000000, 1000000000
571, 60.5, 400000000, 1000000000
572, 60.5, 400000000, 1000000000
573, 60.5, 399999000, 1000002000
574, 61.1, 400000000, 1000000000
575, 60.5, 399999000, 1000000000
576, 61.1, 400000000, 1000000000
577, 61.1, 400000000, 1000000000
578, 60.5, 400000000, 1000000000
579, 60.5, 400000000, 1000000000
580, 60.5, 400000000, 1000000000
581, 60.5, 400000000, 1000000000
582, 60.0, 400000000, 1000000000
583, 61.1, 399999000, 999998000
584, 60.5, 400000000, 1000000000
585, 60.5, 400000000, 1000000000
586, 60.5, 400000000, 999998000
587, 60.5, 400000000, 1000000000
588, 60.5, 400000000, 1000000000
589, 60.5, 400000000, 1000000000
590, 60.5, 400000000, 1000000000
591, 60.5, 399999000, 1000000000
592, 60.5, 400000000, 1000000000
593, 60.5, 400000000, 1000000000
594, 61.1, 399999000, 1000000000
595, 61.1, 400000000, 999998000
596, 60.5, 400000000, 1000000000
597, 60.5, 400000000, 1000000000
598, 61.1, 400000000, 1000000000
599, 60.5, 400000000, 1000000000
600, 60.5, 400000000, 1000000000
601, 60.5, 400000000, 1000000000
602, 61.1, 399999000, 1000000000
603, 60.5, 400000000, 1000000000
604, 61.1, 400000000, 1000000000
605, 60.5, 400000000, 1000000000
606, 60.5, 400000000, 1000000000
607, 60.5, 400000000, 1000000000
608, 60.5, 400000000, 1000000000
609, 60.5, 400000000, 1000000000
610, 60.0, 400000000, 1000000000
611, 60.5, 400000000, 1000000000
612, 61.1, 400000000, 1000000000
613, 61.1, 400000000, 1000000000
614, 61.1, 400000000, 999998000
615, 60.5, 400000000, 1000000000
616, 60.5, 400000000, 1000000000
617, 60.5, 400000000, 1000000000
618, 60.5, 400000000, 1000000000
619, 60.5, 400000000, 1000000000
620, 61.1, 400000000, 1000000000
621, 60.5, 400000000, 1000000000
622, 60.5, 400000000, 1000000000
623, 60.5, 400000000, 1000000000
624, 61.1, 400000000, 1000000000
625, 61.1, 400000000, 999998000
626, 61.1, 399999000, 1000000000
627, 61.6, 400000000, 999998000
628, 61.1, 400000000, 1000000000
629, 60.5, 400000000, 1000000000
630, 60.5, 400000000, 1000000000
631, 61.1, 400000000, 1000000000
632, 60.5, 400000000, 999998000
633, 60.5, 400000000, 1000000000
634, 60.5, 400000000, 1000000000
635, 60.5, 400000000, 1000000000
636, 60.5, 400000000, 1000000000
637, 61.6, 400000000, 1000000000
638, 60.0, 400000000, 1000000000
639, 60.5, 400000000, 1000000000
640, 60.5, 400000000, 1000000000
641, 60.5, 400000000, 1000000000
642, 60.5, 400000000, 1000000000
643, 60.5, 400000000, 1000000000
644, 61.1, 400000000, 1000000000
645, 61.1, 400000000, 1000000000
646, 61.1, 400000000, 1000000000
647, 60.5, 399999000, 1000000000
648, 60.5, 400000000, 1000000000
649, 60.5, 400000000, 1000000000
650, 60.5, 400000000, 1000000000
651, 60.5, 400000000, 999998000
652, 61.1, 400000000, 1000000000
653, 60.5, 400000000, 1000000000
654, 60.5, 400000000, 1000000000
655, 61.1, 400000000, 1000000000
656, 60.5, 400000000, 1000000000
657, 61.1, 400000000, 999998000
658, 60.5, 400000000, 1000000000
659, 60.5, 400000000, 1000000000
660, 61.1, 400000000, 1000000000
661, 61.1, 400000000, 1000000000
662, 61.1, 400000000, 1000000000
663, 60.5, 400000000, 1000000000
664, 60.5, 400000000, 1000000000
665, 61.1, 400000000, 1000000000
666, 60.5, 399999000, 1000000000
667, 60.5, 400000000, 1000000000
668, 61.1, 400000000, 1000000000
669, 61.1, 400000000, 1000002000
670, 61.6, 399999000, 1000000000
671, 60.5, 400000000, 1000000000
672, 61.6, 400000000, 1000000000
673, 61.6, 400000000, 1000000000
674, 61.1, 400000000, 1000000000
675, 60.5, 400000000, 1000000000
676, 61.1, 400000000, 1000000000
677, 61.6, 400000000, 1000000000
678, 61.1, 399999000, 1000000000
679, 61.1, 400000000, 1000000000
680, 61.1, 400000000, 1000000000
681, 61.1, 400000000, 1000000000
682, 61.1, 400000000, 999998000
683, 61.1, 399999000, 1000000000
684, 60.5, 400000000, 1000000000
685, 61.1, 400000000, 1000000000
686, 61.1, 400000000, 1000000000
687, 61.1, 400000000, 1000000000
688, 60.5, 400000000, 1000000000
689, 61.1, 400000000, 999998000
690, 60.5, 400000000, 1000000000
691, 60.5, 400000000, 1000000000
692, 61.1, 400000000, 1000000000
693, 61.1, 400000000, 999998000
694, 61.1, 400000000, 1000000000
695, 60.5, 400000000, 999998000
696, 61.6, 400000000, 1000000000
697, 61.1, 400000000, 999998000
698, 62.1, 400000000, 1000000000
699, 60.5, 400000000, 1000000000
700, 61.6, 400000000, 1000000000
701, 61.1, 400000000, 999998000
702, 61.1, 400000000, 1000000000
703, 61.6, 400000000, 1000000000
704, 61.6, 400000000, 999998000
705, 61.1, 400000000, 1000000000
706, 61.6, 400000000, 1000000000
707, 61.6, 400000000, 999998000
708, 61.6, 400000000, 1000000000
709, 61.6, 400000000, 1000000000
710, 61.1, 400000000, 1000000000
711, 61.6, 400000000, 1000002000
712, 61.6, 400000000, 1000000000
713, 61.6, 400000000, 1000000000
714, 61.6, 400000000, 1000000000
715, 61.1, 400000000, 1000000000
716, 61.1, 400000000, 1000000000
717, 61.6, 400000000, 1000000000
718, 61.1, 400000000, 1000000000
719, 61.6, 400000000, 1000000000
720, 61.6, 400000000, 999998000
721, 61.1, 400000000, 1000000000
722, 61.6, 400000000, 1000000000
723, 61.1, 400000000, 1000000000
724, 61.6, 400000000, 999998000
725, 61.1, 400000000, 1000000000
726, 61.6, 400000000, 999998000
727, 61.6, 400000000, 1000000000
728, 61.1, 400000000, 1000000000
729, 61.6, 400000000, 1000000000
730, 61.1, 400000000, 1000000000
731, 61.6, 400000000, 1000000000
732, 61.6, 400000000, 1000000000
733, 61.1, 400000000, 999998000
734, 61.6, 400000000, 1000000000
735, 61.6, 400000000, 1000000000
736, 61.6, 400000000, 1000000000
737, 61.6, 400000000, 1000000000
738, 61.6, 400000000, 1000000000
739, 61.1, 400000000, 1000000000
740, 61.1, 400000000, 999998000
741, 61.6, 400000000, 1000000000
742, 60.5, 400000000, 1000000000
743, 61.6, 400000000, 1000000000
744, 61.6, 400000000, 1000000000
745, 61.6, 400000000, 1000000000
746, 61.6, 400000000, 1000000000
747, 61.1, 400000000, 1000000000
748, 61.6, 400000000, 999998000
749, 61.6, 400000000, 1000000000
750, 61.6, 400000000, 1000000000
751, 61.6, 400000000, 1000000000
752, 61.6, 400000000, 1000000000
753, 61.6, 399999000, 999998000
754, 61.6, 400000000, 1000000000
755, 61.6, 400000000, 1000002000
756, 61.6, 400000000, 1000000000
757, 61.6, 400000000, 1000000000
758, 61.1, 400000000, 1000000000
759, 61.6, 399999000, 1000000000
760, 61.6, 400000000, 1000000000
761, 61.1, 400000000, 1000000000
762, 61.6, 400000000, 1000000000
763, 61.6, 400000000, 1000000000
764, 61.6, 400000000, 1000000000
765, 61.6, 400000000, 1000000000
766, 61.6, 400000000, 1000000000
767, 61.1, 400000000, 1000000000
768, 61.6, 400000000, 1000002000
769, 61.1, 400000000, 1000000000
770, 61.6, 400000000, 1000000000
771, 61.1, 400000000, 1000000000
772, 61.1, 400000000, 1000000000
773, 61.6, 400000000, 1000000000
774, 61.6, 400000000, 1000000000
775, 61.6, 400000000, 1000000000
776, 61.1, 400000000, 1000000000
777, 61.6, 400000000, 1000000000
778, 61.6, 400000000, 1000000000
779, 61.6, 400000000, 1000000000
780, 61.6, 400000000, 1000000000
781, 61.6, 400000000, 1000000000
782, 60.5, 400000000, 1000000000
783, 61.6, 400000000, 1000000000
784, 61.1, 399999000, 1000000000
785, 61.6, 400000000, 999998000
786, 61.6, 400000000, 1000000000
787, 61.6, 400000000, 999998000
788, 61.6, 400000000, 1000000000
789, 61.1, 399999000, 1000000000
790, 61.1, 400000000, 1000000000
791, 61.6, 400000000, 1000000000
792, 61.6, 400000000, 1000000000
793, 61.6, 400000000, 1000000000
794, 61.6, 400000000, 1000000000
795, 61.1, 400000000, 1000000000
796, 61.6, 400000000, 1000000000
797, 61.6, 400000000, 1000000000
798, 61.6, 400000000, 1000000000
799, 61.6, 400000000, 1000000000
800, 61.6, 400000000, 1000000000
801, 61.6, 400000000, 999998000
802, 61.6, 400000000, 1000000000
803, 61.6, 399999000, 1000000000
804, 61.6, 400000000, 1000000000
805, 61.6, 400000000, 1000000000
806, 61.6, 400000000, 999998000
807, 61.6, 400000000, 1000000000
808, 61.6, 400000000, 1000000000
809, 61.6, 400000000, 1000000000
810, 61.6, 399999000, 1000000000
811, 61.6, 400000000, 1000000000
812, 61.6, 399999000, 1000000000
813, 61.6, 400000000, 999998000
814, 61.6, 400000000, 1000000000
815, 61.6, 400000000, 1000000000
816, 61.6, 400000000, 999998000
817, 61.6, 400000000, 999998000
818, 61.6, 400000000, 1000000000
819, 61.6, 400000000, 1000000000
820, 61.6, 399999000, 1000000000
821, 61.6, 399999000, 1000000000
822, 60.5, 400000000, 1000000000
823, 61.6, 400000000, 999998000
824, 61.6, 400000000, 1000000000
825, 61.6, 400000000, 1000000000
826, 61.6, 400000000, 1000000000
827, 61.6, 400000000, 1000000000
828, 61.6, 400000000, 1000000000
829, 61.1, 400000000, 1000000000
830, 61.6, 400000000, 1000000000
831, 61.6, 400000000, 1000000000
832, 61.6, 400000000, 999998000
833, 61.6, 400000000, 1000002000
834, 62.1, 399999000, 1000000000
835, 61.6, 400000000, 1000000000
836, 61.6, 400000000, 1000000000
837, 61.6, 400000000, 1000000000
838, 61.6, 399999000, 1000000000
839, 61.6, 400000000, 1000000000
840, 62.1, 400000000, 1000000000
841, 61.6, 400000000, 1000000000
842, 61.6, 400000000, 1000000000
843, 61.6, 400000000, 1000000000
844, 61.6, 400000000, 1000000000
845, 61.6, 400000000, 1000000000
846, 61.6, 400000000, 1000000000
847, 61.1, 399999000, 1000000000
848, 61.6, 400000000, 1000000000
849, 61.6, 400000000, 1000000000
850, 61.6, 400000000, 1000000000
851, 61.6, 399999000, 1000000000
852, 61.6, 400000000, 1000000000
853, 61.6, 400000000, 1000000000
854, 61.6, 400000000, 1000000000
855, 61.6, 400000000, 1000000000
856, 61.6, 400000000, 1000000000
857, 61.6, 399999000, 1000000000
858, 61.6, 400000000, 1000000000
859, 61.6, 400000000, 1000000000
860, 61.6, 400000000, 1000000000
861, 61.6, 400000000, 1000000000
862, 61.6, 400000000, 1000000000
863, 61.6, 400000000, 1000000000
864, 61.1, 400000000, 1000000000
865, 62.1, 400000000, 999998000
866, 61.6, 400000000, 999998000
867, 61.6, 400000000, 999998000
868, 61.1, 400000000, 1000000000
869, 61.6, 400000000, 1000000000
870, 61.6, 400000000, 1000000000
871, 61.6, 400000000, 1000000000
872, 61.6, 399999000, 999998000
873, 61.6, 399999000, 1000000000
874, 61.6, 400000000, 1000000000
875, 61.6, 400000000, 1000000000
876, 61.6, 399999000, 1000000000
877, 61.6, 400000000, 1000000000
878, 61.6, 400000000, 1000000000
879, 61.6, 400000000, 1000000000
880, 61.6, 399999000, 1000000000
881, 62.1, 400000000, 1000000000
882, 61.6, 399999000, 1000000000
883, 61.6, 400000000, 999998000
884, 61.6, 400000000, 1000000000
885, 61.6, 399999000, 1000000000
886, 61.6, 399999000, 1000000000
887, 61.6, 400000000, 1000000000
888, 62.1, 400000000, 1000000000
889, 61.6, 400000000, 1000000000
890, 61.6, 399999000, 1000000000
891, 61.6, 400000000, 1000000000
892, 61.6, 400000000, 1000000000
893, 61.6, 400000000, 1000000000
894, 61.6, 400000000, 1000000000
895, 61.6, 400000000, 1000000000
896, 62.1, 400000000, 1000000000
897, 61.6, 399999000, 1000000000
898, 61.6, 400000000, 1000000000
899, 61.6, 399999000, 999998000
900, 61.6, 400000000, 1000000000
901, 61.6, 400000000, 999998000
902, 61.6, 399999000, 1000000000
903, 61.6, 400000000, 1000000000
904, 61.6, 400000000, 1000000000
905, 61.6, 400000000, 1000000000
906, 61.6, 400000000, 1000000000
907, 61.6, 400000000, 1000000000
908, 61.6, 400000000, 1000002000
909, 61.6, 400000000, 1000000000
910, 61.6, 400000000, 1000000000
911, 62.1, 400000000, 1000000000
912, 61.6, 400000000, 1000000000
913, 61.6, 400000000, 1000000000
914, 61.6, 400000000, 1000000000
915, 61.6, 400000000, 1000000000
916, 61.6, 399999000, 1000000000
917, 61.6, 400000000, 1000000000
918, 62.1, 400000000, 1000000000
919, 61.6, 400000000, 1000000000
920, 61.6, 400000000, 1000000000
921, 61.6, 400000000, 1000000000
922, 61.6, 400000000, 1000000000
923, 61.6, 400000000, 1000000000
924, 61.6, 400000000, 999998000
925, 61.6, 399999000, 1000000000
926, 61.6, 400000000, 1000000000
927, 61.6, 399999000, 1000000000
928, 61.6, 400000000, 1000000000
929, 61.6, 400000000, 1000000000
930, 61.6, 400000000, 1000000000
931, 61.6, 400000000, 1000000000
932, 61.6, 400000000, 1000000000
933, 61.6, 400000000, 999998000
934, 61.6, 400000000, 1000000000
935, 61.6, 400000000, 1000000000
936, 61.6, 400000000, 1000000000
937, 61.6, 400000000, 1000000000
938, 62.1, 400000000, 1000000000
939, 61.6, 400000000, 1000000000
940, 61.6, 400000000, 1000000000
941, 61.6, 400000000, 1000000000
942, 61.6, 400000000, 1000000000
943, 61.6, 400000000, 1000000000
944, 61.6, 400000000, 1000000000
945, 61.6, 400000000, 1000000000
946, 62.1, 400000000, 1000000000
947, 61.6, 400000000, 1000000000
948, 62.1, 400000000, 1000000000
949, 61.6, 400000000, 1000000000
950, 61.6, 400000000, 1000000000
951, 61.6, 400000000, 1000000000
952, 62.1, 400000000, 1000000000
953, 61.6, 400000000, 1000000000
954, 61.6, 400000000, 1000000000
955, 61.6, 400000000, 999998000
956, 61.6, 400000000, 1000000000
957, 61.6, 400000000, 1000000000
958, 61.6, 400000000, 1000002000
959, 61.6, 399999000, 1000000000
960, 61.6, 400000000, 1000000000
961, 61.6, 400000000, 1000000000
962, 61.6, 400000000, 1000000000
963, 61.6, 400000000, 1000000000
964, 61.6, 400000000, 999998000
965, 61.6, 399999000, 1000000000
966, 61.6, 400000000, 1000000000
967, 61.6, 399999000, 1000000000
968, 61.6, 400000000, 1000002000
969, 61.6, 400000000, 1000000000
970, 61.6, 400000000, 1000000000
971, 61.6, 400000000, 1000000000
972, 62.1, 400000000, 1000000000
973, 61.6, 400000000, 1000000000
974, 61.6, 400000000, 1000000000
975, 61.6, 400000000, 999998000
976, 61.6, 399999000, 1000000000
977, 62.1, 400000000, 1000000000
978, 61.6, 400000000, 1000000000
979, 61.6, 400000000, 1000000000
980, 61.6, 400000000, 1000000000
981, 61.6, 400000000, 1000000000
982, 61.6, 400000000, 1000000000
983, 61.6, 400000000, 1000000000
984, 61.6, 400000000, 1000000000
985, 62.1, 399999000, 1000000000
986, 61.6, 400000000, 1000000000
987, 61.6, 400000000, 1000000000
988, 61.6, 400000000, 1000002000
989, 61.6, 400000000, 1000000000
990, 61.6, 400000000, 1000000000
991, 61.6, 400000000, 1000000000
992, 61.6, 400000000, 999998000
993, 61.6, 400000000, 1000000000
994, 61.6, 400000000, 1000000000
995, 61.6, 400000000, 999998000
996, 61.6, 399999000, 1000000000
997, 61.6, 400000000, 1000000000
998, 61.1, 400000000, 1000000000
999, 61.1, 400000000, 1000000000
1000, 61.6, 400000000, 1000000000
1001, 61.6, 400000000, 1000000000
1002, 61.6, 400000000, 999998000
1003, 61.6, 400000000, 1000000000
1004, 61.1, 400000000, 999998000
1005, 61.1, 400000000, 999998000
1006, 61.6, 400000000, 1000000000
1007, 61.6, 400000000, 1000000000
1008, 61.6, 400000000, 1000000000
1009, 62.1, 400000000, 1000000000
1010, 61.6, 400000000, 1000000000
1011, 61.6, 400000000, 1000000000
1012, 61.6, 400000000, 1000000000
1013, 61.6, 399999000, 1000000000
1014, 61.6, 400000000, 1000000000
1015, 61.6, 400000000, 1000000000
1016, 61.6, 400000000, 1000000000
1017, 61.6, 399999000, 1000000000
1018, 61.6, 400000000, 1000000000
1019, 62.1, 400000000, 1000000000
1020, 61.6, 400000000, 1000000000
1021, 61.1, 400000000, 1000000000
1022, 61.6, 400000000, 1000000000
1023, 61.6, 400000000, 1000000000
1024, 61.6, 400000000, 1000000000
1025, 61.6, 400000000, 1000000000
1026, 61.6, 400000000, 1000000000
1027, 62.1, 399999000, 1000000000
1028, 61.6, 400000000, 1000000000
1029, 61.6, 400000000, 1000000000
1030, 61.6, 400000000, 1000000000
1031, 61.6, 400000000, 1000000000
1032, 61.6, 400000000, 1000000000
1033, 61.6, 400000000, 1000000000
1034, 61.6, 400000000, 999998000
1035, 61.6, 400000000, 1000000000
1036, 62.1, 400000000, 1000000000
1037, 61.6, 399999000, 1000000000
1038, 61.6, 400000000, 1000000000
1039, 61.6, 400000000, 1000000000
1040, 61.6, 400000000, 1000000000
1041, 61.6, 400000000, 1000000000
1042, 61.6, 400000000, 1000000000
1043, 61.6, 400000000, 1000000000
1044, 61.6, 400000000, 1000000000
1045, 61.6, 400000000, 1000000000
1046, 61.6, 399999000, 1000000000
1047, 61.6, 400000000, 999998000
1048, 61.6, 399999000, 1000000000
1049, 61.6, 400000000, 1000000000
1050, 62.1, 400000000, 1000000000
1051, 61.6, 400000000, 1000000000
1052, 61.6, 400000000, 1000000000
1053, 61.6, 400000000, 1000000000
1054, 61.6, 400000000, 1000000000
1055, 61.6, 400000000, 1000002000
1056, 61.6, 399999000, 1000000000
1057, 61.6, 400000000, 1000000000
1058, 61.6, 400000000, 1000000000
1059, 62.1, 400000000, 1000000000
1060, 62.1, 400000000, 1000000000
1061, 61.6, 400000000, 1000000000
1062, 61.6, 399999000, 1000000000
1063, 61.6, 400000000, 1000000000
1064, 61.6, 400000000, 1000000000
1065, 61.6, 400000000, 1000000000
1066, 61.6, 400001000, 1000000000
1067, 61.6, 400000000, 1000000000
1068, 61.6, 400000000, 1000000000
1069, 61.6, 399999000, 1000000000
1070, 61.6, 399999000, 1000000000
1071, 61.6, 400000000, 1000000000
1072, 61.6, 400000000, 1000000000
1073, 61.6, 400000000, 1000000000
1074, 61.6, 400000000, 999998000
1075, 62.1, 400000000, 1000000000
1076, 61.6, 400000000, 999998000
1077, 61.6, 399999000, 1000000000
1078, 61.6, 400000000, 1000000000
1079, 61.6, 399999000, 999998000
1080, 61.1, 400000000, 1000000000
1081, 61.6, 400000000, 1000000000
1082, 61.6, 400000000, 1000000000
1083, 61.6, 400000000, 1000000000
1084, 62.1, 400000000, 1000000000
1085, 61.6, 400000000, 999998000
1086, 62.1, 400000000, 1000000000
1087, 61.6, 400000000, 1000000000
1088, 61.6, 400000000, 1000000000
1089, 61.6, 399999000, 1000000000
1090, 61.6, 400000000, 1000000000
1091, 61.6, 400000000, 1000000000
1092, 61.6, 400000000, 1000000000
1093, 61.6, 400000000, 1000000000
1094, 61.6, 400000000, 1000000000
1095, 61.6, 400000000, 1000000000
1096, 61.6, 400000000, 1000000000
1097, 61.6, 400000000, 1000000000
1098, 61.6, 400000000, 1000000000
1099, 61.6, 400000000, 1000000000
1100, 61.6, 400000000, 1000000000
1101, 61.6, 400000000, 1000000000
1102, 61.6, 400000000, 1000000000
1103, 61.6, 400000000, 1000000000
1104, 61.6, 400000000, 1000000000
1105, 61.6, 400000000, 1000000000
1106, 61.6, 400000000, 1000000000
1107, 60.5, 400000000, 1000000000
1108, 61.6, 400000000, 1000000000
1109, 61.6, 400000000, 1000000000
1110, 61.6, 400000000, 1000000000
1111, 61.6, 400000000, 1000000000
1112, 61.6, 400000000, 1000000000
1113, 61.6, 400000000, 1000000000
1114, 61.6, 400000000, 1000000000
1115, 61.1, 400001000, 1000000000
1116, 61.6, 400000000, 1000000000
1117, 61.6, 400000000, 1000000000
1118, 61.6, 400000000, 1000000000
1119, 61.6, 399999000, 1000000000
1120, 61.6, 400000000, 1000000000
1121, 61.6, 400000000, 1000000000
1122, 61.6, 400000000, 1000000000
1123, 61.6, 400000000, 1000000000
1124, 61.6, 400000000, 1000000000
1125, 61.6, 400000000, 1000000000
1126, 61.6, 400000000, 1000000000
1127, 61.6, 400000000, 1000000000
1128, 61.6, 400000000, 1000000000
1129, 61.6, 400000000, 1000000000
1130, 62.1, 400000000, 1000002000
1131, 61.6, 400000000, 1000000000
1132, 61.6, 400000000, 1000000000
1133, 61.6, 400000000, 1000000000
1134, 61.6, 399999000, 1000000000
1135, 61.6, 400000000, 1000000000
1136, 61.6, 400000000, 1000000000
1137, 61.1, 400000000, 1000000000
1138, 61.6, 400000000, 1000000000
1139, 61.6, 400000000, 1000000000
1140, 61.6, 400000000, 1000000000
1141, 61.6, 399999000, 1000000000
1142, 61.6, 400000000, 999998000
1143, 61.6, 400000000, 1000000000
1144, 61.6, 400000000, 1000000000
1145, 61.6, 400000000, 1000000000
1146, 61.6, 400000000, 999998000
1147, 61.1, 399999000, 999998000
1148, 61.6, 400000000, 1000000000
1149, 61.6, 400000000, 1000000000
1150, 61.6, 400000000, 1000000000
1151, 61.6, 400000000, 1000000000
1152, 61.6, 400000000, 1000000000
1153, 61.6, 400000000, 1000002000
1154, 61.6, 400000000, 1000000000
1155, 61.6, 400000000, 1000000000
1156, 61.1, 400000000, 1000000000
1157, 61.1, 400000000, 1000000000
1158, 61.6, 400000000, 1000000000
1159, 61.6, 400000000, 1000000000
1160, 61.6, 400000000, 1000000000
1161, 61.6, 400000000, 1000000000
1162, 61.6, 399999000, 1000000000
1163, 61.6, 400000000, 1000000000
1164, 61.6, 400000000, 1000000000
1165, 61.6, 400000000, 1000000000
1166, 61.6, 400000000, 1000000000
1167, 61.6, 400000000, 1000000000
1168, 61.6, 400000000, 1000000000
1169, 61.6, 400000000, 1000000000
1170, 61.1, 400000000, 1000000000
1171, 61.6, 400000000, 1000000000
1172, 61.6, 400000000, 1000000000
1173, 61.6, 400000000, 1000000000
1174, 61.6, 400000000, 1000000000
1175, 61.1, 400000000, 1000000000
1176, 61.6, 400000000, 1000000000
1177, 61.6, 400000000, 1000000000
1178, 61.6, 399999000, 999998000
1179, 61.6, 400000000, 1000000000
1180, 61.6, 400000000, 1000000000
1181, 61.6, 400000000, 1000000000
1182, 61.6, 400000000, 1000000000
1183, 61.6, 400000000, 1000000000
1184, 61.6, 400000000, 1000000000
1185, 61.1, 400000000, 1000000000
1186, 61.6, 400000000, 1000000000
1187, 61.6, 400000000, 1000000000
1188, 61.6, 400000000, 1000000000
1189, 60.5, 400000000, 1000000000
1190, 61.1, 400000000, 1000000000
1191, 61.6, 400000000, 1000000000
1192, 61.6, 400000000, 1000000000
1193, 61.6, 400000000, 1000000000
1194, 61.6, 400000000, 1000000000
1195, 61.6, 399999000, 1000000000
1196, 61.6, 400000000, 999998000
1197, 61.6, 399999000, 999998000
1198, 61.6, 400000000, 999998000
1199, 62.1, 400000000, 1000000000
1200, 61.6, 400000000, 1000000000
1201, 61.6, 400000000, 999998000
1202, 61.6, 400000000, 999998000
1203, 61.6, 400000000, 1000000000
1204, 61.6, 400000000, 1000002000
1205, 61.6, 400000000, 1000000000
1206, 61.6, 400000000, 1000000000
1207, 61.6, 400000000, 1000000000
1208, 60.5, 400000000, 1000000000
1209, 61.6, 399999000, 1000000000
1210, 61.1, 400000000, 1000000000
1211, 61.6, 400000000, 1000002000
1212, 61.6, 400000000, 1000000000
1213, 61.6, 400000000, 1000000000
1214, 61.6, 400000000, 1000000000
1215, 61.1, 400000000, 1000000000
1216, 61.6, 400000000, 1000000000
1217, 61.6, 400000000, 1000000000
1218, 61.6, 400000000, 1000000000
1219, 60.5, 400000000, 1000000000
1220, 61.6, 400000000, 1000000000
1221, 61.6, 400000000, 1000000000
1222, 61.6, 400000000, 1000000000
1223, 61.1, 400000000, 1000000000
1224, 61.6, 400000000, 999998000
1225, 61.6, 400000000, 1000000000
1226, 61.1, 400000000, 1000000000
1227, 61.1, 400000000, 1000000000
1228, 61.6, 400000000, 1000000000
1229, 61.6, 400000000, 1000000000
1230, 61.1, 400000000, 1000000000
1231, 61.1, 400000000, 1000000000
1232, 61.6, 400000000, 1000000000
1233, 61.6, 400000000, 1000000000
1234, 61.6, 400000000, 999998000
1235, 61.6, 400000000, 1000000000
1236, 61.1, 400000000, 1000000000
1237, 61.6, 400000000, 1000000000
1238, 61.1, 400000000, 1000000000
1239, 61.1, 400000000, 1000000000
1240, 61.6, 400000000, 1000000000
1241, 61.6, 400000000, 1000000000
1242, 60.5, 400000000, 1000000000
1243, 61.6, 400000000, 1000000000
1244, 61.6, 400000000, 1000000000
1245, 61.1, 400000000, 1000000000
1246, 61.6, 400000000, 1000000000
1247, 61.6, 400000000, 1000000000
1248, 61.1, 400000000, 1000000000
1249, 61.1, 400000000, 1000000000
1250, 61.6, 400000000, 1000000000
1251, 61.6, 400000000, 1000000000
1252, 61.1, 400000000, 1000000000
1253, 61.1, 400000000, 1000000000
1254, 61.6, 400000000, 1000000000
1255, 61.6, 400000000, 1000000000
1256, 61.6, 400000000, 1000000000
1257, 61.6, 400000000, 1000000000
1258, 61.1, 400000000, 1000000000
1259, 61.1, 400000000, 1000000000
1260, 60.5, 400000000, 1000000000
1261, 61.6, 400000000, 1000000000
1262, 61.6, 400000000, 1000000000
1263, 61.6, 400000000, 1000000000
1264, 61.1, 400000000, 1000000000
1265, 61.6, 400000000, 1000000000
1266, 61.1, 400000000, 1000000000
1267, 61.1, 400000000, 1000000000
1268, 61.1, 400000000, 1000000000
1269, 61.6, 400000000, 1000000000
1270, 61.1, 400000000, 1000000000
1271, 61.6, 400000000, 1000000000
1272, 61.6, 400000000, 999998000
1273, 61.6, 400000000, 1000000000
1274, 61.6, 400000000, 1000000000
1275, 61.1, 400000000, 1000000000
1276, 60.5, 400000000, 1000000000
1277, 61.1, 400000000, 1000000000
1278, 61.6, 400000000, 1000000000
1279, 60.5, 400000000, 1000000000
1280, 61.1, 400000000, 1000000000
1281, 61.6, 400000000, 1000000000
1282, 61.6, 400000000, 1000000000
1283, 61.6, 400000000, 1000000000
1284, 61.6, 400000000, 1000000000
1285, 61.1, 400000000, 1000000000
1286, 60.5, 400000000, 1000000000
1287, 61.6, 400000000, 1000000000
1288, 61.6, 400000000, 1000000000
1289, 60.5, 400000000, 1000002000
1290, 60.5, 399999000, 1000002000
1291, 61.6, 399999000, 1000000000
1292, 61.1, 400000000, 1000000000
1293, 61.6, 400000000, 1000000000
1294, 61.1, 400000000, 1000000000
1295, 61.1, 400000000, 1000002000
1296, 61.6, 400000000, 1000000000
1297, 61.1, 400000000, 1000000000
1298, 61.6, 400000000, 1000000000
1299, 60.5, 400000000, 1000000000
1300, 61.1, 400000000, 999998000
1301, 60.5, 400000000, 1000000000
1302, 60.5, 400000000, 1000000000
1303, 61.6, 400000000, 1000000000
1304, 61.6, 400000000, 1000000000
1305, 60.5, 400000000, 1000000000
1306, 61.1, 400000000, 1000000000
1307, 61.6, 400000000, 1000000000
1308, 61.1, 400000000, 1000000000
1309, 60.5, 400000000, 999998000
1310, 61.1, 400000000, 1000000000
1311, 61.1, 400000000, 1000000000
1312, 61.6, 399999000, 1000000000
1313, 60.5, 400000000, 1000000000
1314, 61.6, 400000000, 1000000000
1315, 61.6, 400000000, 1000000000
1316, 60.5, 400000000, 1000000000
1317, 61.6, 400000000, 1000000000
1318, 61.6, 399999000, 1000000000
1319, 61.6, 400000000, 1000000000
1320, 61.1, 400000000, 1000000000
1321, 61.1, 400000000, 1000000000
1322, 61.6, 400000000, 1000000000
1323, 61.1, 400000000, 1000000000
1324, 61.1, 400000000, 1000000000
1325, 61.6, 400000000, 1000000000
1326, 61.1, 400000000, 1000002000
1327, 60.5, 399999000, 1000000000
1328, 61.6, 400000000, 999998000
1329, 61.1, 400000000, 1000000000
1330, 61.6, 400000000, 1000000000
1331, 61.6, 400000000, 1000000000
1332, 60.5, 399999000, 1000000000
1333, 60.5, 400000000, 1000000000
1334, 61.1, 399999000, 1000000000
1335, 61.1, 400000000, 1000000000
1336, 61.6, 400000000, 1000000000
1337, 61.1, 399999000, 1000000000
1338, 61.1, 400000000, 1000000000
1339, 60.5, 399999000, 1000000000
1340, 61.6, 400000000, 1000000000
1341, 61.1, 399999000, 1000000000
1342, 61.6, 400000000, 1000000000
1343, 61.1, 400000000, 999998000
1344, 61.1, 400000000, 1000000000
1345, 60.5, 400000000, 1000000000
1346, 60.5, 400000000, 1000000000
1347, 61.6, 399999000, 1000000000
1348, 60.5, 400000000, 1000000000
1349, 61.6, 399999000, 1000000000
1350, 60.5, 400000000, 999998000
1351, 61.6, 399999000, 1000000000
1352, 60.5, 399999000, 1000000000
1353, 61.6, 399999000, 1000000000
1354, 61.1, 400000000, 1000000000
1355, 61.6, 400000000, 1000000000
1356, 61.1, 400000000, 1000000000
1357, 61.1, 400000000, 1000000000
1358, 61.6, 399999000, 1000000000
1359, 61.1, 400000000, 1000000000
1360, 61.1, 400000000, 1000000000
1361, 60.5, 400000000, 1000000000
1362, 61.6, 400000000, 1000000000
1363, 61.6, 400000000, 1000000000
1364, 61.1, 400000000, 1000000000
1365, 60.5, 400000000, 1000000000
1366, 60.5, 400000000, 1000000000
1367, 60.5, 399999000, 1000000000
1368, 61.1, 400000000, 1000000000
1369, 60.5, 400000000, 1000000000
1370, 61.1, 400000000, 1000000000
1371, 61.1, 400000000, 1000000000
1372, 60.5, 400000000, 1000000000
1373, 60.5, 400000000, 1000000000
1374, 61.6, 400000000, 1000000000
1375, 61.1, 400000000, 1000000000
1376, 61.1, 400000000, 1000000000
1377, 61.1, 400000000, 999998000
1378, 61.6, 400000000, 1000000000
1379, 61.1, 400000000, 1000000000
1380, 60.5, 400000000, 1000000000
1381, 60.5, 399999000, 1000000000
1382, 61.1, 400000000, 1000000000
1383, 60.5, 400000000, 1000000000
1384, 60.5, 400000000, 1000000000
1385, 60.5, 400000000, 1000000000
1386, 61.1, 400000000, 1000000000
1387, 61.1, 400000000, 1000000000
1388, 61.6, 400000000, 1000000000
1389, 61.1, 399999000, 1000000000
1390, 60.5, 400000000, 1000000000
1391, 60.5, 399999000, 1000000000
1392, 60.5, 400000000, 1000000000
1393, 60.5, 400000000, 1000000000
1394, 60.5, 400000000, 1000000000
1395, 60.5, 400000000, 1000000000
1396, 60.5, 400000000, 1000000000
1397, 60.5, 400000000, 1000000000
1398, 60.5, 400000000, 1000000000
1399, 60.5, 400000000, 1000000000
1400, 60.5, 400000000, 1000000000
1401, 60.5, 400000000, 1000000000
1402, 61.1, 400000000, 1000000000
1403, 61.1, 400000000, 1000000000
1404, 61.6, 399999000, 1000000000
1405, 60.5, 400000000, 1000000000
1406, 61.1, 400000000, 1000000000
1407, 60.5, 400000000, 1000000000
1408, 60.5, 400000000, 1000002000
1409, 60.5, 399999000, 1000000000
1410, 60.5, 400000000, 1000000000
1411, 60.5, 400000000, 1000000000
1412, 61.1, 400000000, 1000000000
1413, 60.5, 400000000, 1000000000
1414, 60.5, 399999000, 1000000000
1415, 61.6, 400000000, 1000000000
1416, 60.5, 400000000, 999998000
1417, 61.1, 400000000, 1000000000
1418, 60.5, 400000000, 1000000000
1419, 60.5, 400000000, 1000000000
1420, 60.5, 400000000, 1000000000
1421, 61.1, 400000000, 1000002000
1422, 60.5, 400000000, 1000000000
1423, 61.6, 400000000, 1000000000
1424, 61.1, 400000000, 1000000000
1425, 60.5, 400000000, 1000000000
1426, 60.5, 400000000, 1000000000
1427, 60.5, 400000000, 999998000
1428, 60.5, 400000000, 1000000000
1429, 60.5, 400000000, 1000000000
1430, 60.5, 400000000, 1000000000
1431, 60.5, 400000000, 1000000000
1432, 61.1, 400000000, 1000000000
1433, 60.5, 400000000, 999998000
1434, 60.5, 400000000, 1000000000
1435, 60.5, 400000000, 1000000000
1436, 60.5, 400000000, 1000000000
1437, 61.1, 400000000, 1000000000
1438, 60.5, 400000000, 1000000000
1439, 60.5, 400000000, 1000000000
1440, 60.5, 400000000, 1000000000
1441, 61.1, 400000000, 1000000000
1442, 60.5, 400000000, 1000000000
1443, 60.5, 399999000, 1000000000
1444, 60.5, 400000000, 1000000000
1445, 60.5, 400000000, 999998000
1446, 60.5, 400000000, 1000000000
1447, 61.1, 399999000, 1000000000
1448, 61.1, 399999000, 1000000000
1449, 60.5, 400000000, 1000000000
1450, 60.5, 399999000, 1000000000
1451, 60.5, 399999000, 1000000000
1452, 60.5, 400000000, 1000000000
1453, 60.5, 399999000, 1000000000
1454, 60.5, 400000000, 1000000000
1455, 60.5, 400000000, 1000000000
1456, 60.5, 399999000, 1000000000
1457, 60.0, 400000000, 1000000000
1458, 60.5, 400000000, 1000000000
1459, 60.5, 400000000, 1000000000
1460, 60.5, 400000000, 1000000000
1461, 60.5, 400000000, 999998000
1462, 61.1, 400000000, 1000000000
1463, 60.0, 399999000, 1000000000
1464, 60.5, 400000000, 1000000000
1465, 60.5, 400000000, 1000000000
1466, 60.5, 400000000, 1000000000
1467, 61.1, 399999000, 1000000000
1468, 60.5, 400000000, 1000000000
1469, 60.5, 400000000, 1000000000
1470, 60.5, 400000000, 1000000000
1471, 60.5, 400000000, 1000000000
1472, 60.5, 400000000, 1000000000
1473, 61.1, 400000000, 1000000000
1474, 60.5, 400000000, 1000000000
1475, 61.1, 399999000, 1000000000
1476, 60.5, 400000000, 999998000
1477, 60.0, 400000000, 1000000000
1478, 60.5, 399999000, 1000000000
1479, 60.5, 400000000, 1000000000
1480, 60.5, 400000000, 1000000000
1481, 60.5, 400000000, 1000000000
1482, 60.0, 400000000, 999998000
1483, 60.5, 400000000, 1000000000
1484, 61.1, 400000000, 1000000000
1485, 60.5, 400000000, 1000000000
1486, 60.5, 400000000, 1000000000
1487, 60.5, 400000000, 1000000000
1488, 60.5, 399999000, 1000000000
1489, 60.0, 400000000, 1000000000
1490, 60.5, 400000000, 1000000000
1491, 60.5, 400000000, 1000000000
1492, 60.5, 400000000, 1000000000
1493, 60.5, 400000000, 1000000000
1494, 60.5, 400000000, 1000000000
1495, 60.5, 399999000, 1000000000
1496, 60.5, 400000000, 999998000
1497, 60.5, 400000000, 1000000000
1498, 61.1, 399999000, 999998000
1499, 60.5, 399999000, 1000000000
1500, 60.5, 400000000, 1000000000
1501, 60.5, 400000000, 1000000000
1502, 60.5, 400000000, 1000000000
1503, 60.5, 400000000, 1000000000
1504, 60.5, 400000000, 1000000000
1505, 60.0, 400000000, 1000000000
1506, 60.5, 400000000, 1000000000
1507, 60.5, 400000000, 1000000000
1508, 60.5, 400000000, 1000000000
1509, 60.5, 400000000, 1000000000
1510, 60.5, 400000000, 1000000000
1511, 60.5, 399999000, 1000000000
1512, 60.5, 400000000, 1000000000
1513, 60.5, 400000000, 1000000000
1514, 60.5, 400000000, 999998000
1515, 60.5, 400000000, 1000000000
1516, 60.5, 400000000, 1000000000
1517, 60.5, 400000000, 1000000000
1518, 61.1, 400000000, 1000000000
1519, 60.5, 400000000, 1000000000
1520, 60.0, 400000000, 1000000000
1521, 61.1, 400000000, 999998000
1522, 60.5, 400000000, 1000000000
1523, 60.5, 400000000, 1000000000
1524, 60.5, 400000000, 1000000000
1525, 60.5, 399999000, 1000000000
1526, 60.5, 400000000, 1000000000
1527, 60.5, 400000000, 999998000
1528, 60.0, 400000000, 1000000000
1529, 60.0, 399999000, 1000000000
1530, 60.5, 400000000, 1000000000
1531, 60.5, 400000000, 1000000000
1532, 60.5, 400000000, 1000000000
1533, 60.0, 400000000, 1000000000
1534, 60.5, 400000000, 1000000000
1535, 60.0, 400000000, 1000000000
1536, 60.5, 400000000, 1000000000
1537, 60.0, 400000000, 999998000
1538, 60.5, 400000000, 1000000000
1539, 61.1, 400000000, 1000000000
1540, 60.5, 400000000, 1000000000
1541, 60.5, 400000000, 999998000
1542, 60.0, 400000000, 1000000000
1543, 60.0, 400000000, 1000000000
1544, 60.5, 400000000, 1000000000
