0, 45.5, 400000000, 1000000000
1, 45.5, 400000000, 999998000
2, 45.5, 400000000, 1000000000
3, 45.5, 400000000, 1000000000
4, 44.9, 399999000, 1000000000
5, 45.5, 400000000, 999998000
6, 45.5, 400000000, 1000000000
7, 45.5, 400000000, 1000000000
8, 45.5, 399999000, 1000000000
9, 45.5, 400000000, 1000000000
10, 45.5, 400000000, 1000000000
11, 45.5, 399999000, 1000000000
12, 45.5, 400000000, 1000000000
13, 44.9, 400000000, 1000000000
14, 44.9, 400000000, 1000000000
15, 45.5, 400000000, 1000000000
16, 45.5, 400000000, 1000000000
17, 45.5, 400000000, 1000000000
18, 45.5, 400000000, 1000000000
19, 45.5, 400000000, 1000000000
20, 46.0, 400000000, 1000000000
21, 45.5, 400000000, 1000000000
22, 45.5, 399999000, 1000000000
23, 45.5, 400000000, 1000000000
24, 45.5, 400000000, 999998000
25, 45.5, 400000000, 1000000000
26, 45.5, 400000000, 1000000000
27, 45.5, 400000000, 1000000000
28, 45.5, 400000000, 1000000000
29, 46.0, 400000000, 999998000
30, 45.5, 400000000, 1000000000
31, 44.9, 400000000, 1000000000
32, 45.5, 400000000, 1000000000
33, 45.5, 400000000, 999998000
34, 45.5, 400000000, 1000000000
35, 45.5, 400000000, 1000000000
36, 45.5, 400000000, 1000000000
37, 46.0, 400000000, 999998000
38, 45.5, 400000000, 1000000000
39, 44.9, 400000000, 1000000000
40, 45.5, 400000000, 1000000000
41, 45.5, 399999000, 999998000
42, 44.9, 400000000, 1000000000
43, 45.5, 400000000, 1000000000
44, 45.5, 400000000, 1000000000
45, 46.0, 400000000, 1000000000
46, 45.5, 400000000, 1000000000
47, 46.0, 400000000, 1000000000
48, 45.5, 400000000, 1000000000
49, 45.5, 399999000, 1000000000
50, 45.5, 400000000, 1000000000
51, 45.5, 399999000, 1000000000
52, 45.5, 400000000, 1000000000
53, 45.5, 400000000, 1000000000
54, 45.5, 400000000, 999998000
55, 45.5, 400000000, 1000000000
56, 45.5, 400000000, 1000000000
57, 45.5, 400000000, 1000000000
58, 45.5, 400000000, 1000000000
59, 45.5, 399999000, 1000000000
60, 44.9, 400000000, 1000000000
61, 45.5, 400000000, 1000000000
62, 45.5, 400000000, 1000000000
63, 45.5, 400000000, 1000000000
64, 45.5, 399999000, 1000000000
65, 45.5, 400000000, 1000000000
66, 44.9, 400000000, 1000000000
67, 45.5, 400000000, 1000000000
68, 45.5, 400000000, 1000000000
69, 45.5, 400000000, 1000000000
70, 45.5, 399999000, 1000000000
71, 45.5, 400000000, 1000000000
72, 45.5, 400000000, 1000000000
73, 44.9, 400000000, 1000000000
74, 45.5, 400000000, 1000000000
75, 45.5, 400000000, 1000000000
76, 45.5, 400000000, 1000000000
77, 45.5, 400000000, 1000000000
78, 44.9, 400000000, 1000000000
79, 45.5, 400000000, 1000000000
80, 45.5, 400000000, 1000000000
81, 44.9, 400000000, 1000000000
82, 45.5, 400000000, 999998000
83, 45.5, 400000000, 1000000000
84, 45.5, 400000000, 1000000000
85, 44.4, 400000000, 1000000000
86, 45.5, 400000000, 1000000000
87, 45.5, 400000000, 999998000
88, 45.5, 400000000, 1000000000
89, 45.5, 400000000, 1000000000
90, 44.9, 400000000, 1000000000
91, 44.9, 400000000, 999998000
92, 44.9, 400000000, 1000000000
93, 45.5, 399999000, 1000000000
94, 44.9, 400000000, 1000000000
95, 45.5, 400000000, 1000000000
96, 45.5, 400000000, 1000000000
97, 44.9, 400000000, 1000000000
98, 44.9, 400000000, 1000000000
99, 45.5, 400000000, 1000000000
100, 45.5, 400000000, 1000000000
101, 44.9, 400000000, 1000000000
102, 44.9, 400000000, 1000000000
103, 44.9, 399999000, 999998000
104, 44.9, 400000000, 1000000000
105, 44.4, 400000000, 1000000000
106, 44.4, 400000000, 1000000000
107, 45.5, 400000000, 1000000000
108, 45.5, 399999000, 1000000000
109, 45.5, 400000000, 1000000000
110, 44.4, 400000000, 1000000000
111, 44.9, 400000000, 1000000000
112, 44.9, 400000000, 1000000000
113, 44.9, 400000000, 999998000
114, 45.5, 400000000, 1000000000
115, 45.5, 399999000, 1000000000
116, 44.9, 400000000, 1000000000
117, 45.5, 400000000, 1000000000
118, 44.9, 400000000, 1000000000
119, 44.9, 400000000, 1000000000
120, 44.4, 400000000, 1000000000
121, 44.9, 400000000, 1000000000
122, 44.4, 400000000, 1000000000
123, 44.9, 400000000, 1000000000
124, 44.9, 400000000, 1000000000
125, 44.9, 399999000, 1000000000
126, 44.4, 400000000, 1000000000
127, 44.4, 400000000, 1000000000
128, 44.9, 400000000, 1000000000
129, 44.9, 400000000, 1000000000
130, 44.4, 400000000, 1000000000
131, 44.4, 400000000, 1000000000
132, 44.9, 400000000, 1000000000
133, 44.4, 400000000, 1000000000
134, 44.9, 400000000, 1000000000
135, 44.4, 400000000, 1000000000
136, 44.9, 400000000, 1000000000
137, 44.4, 400000000, 1000000000
138, 44.4, 400000000, 1000000000
139, 44.4, 400000000, 1000000000
140, 44.9, 400000000, 1000000000
141, 44.9, 400000000, 1000000000
142, 44.4, 400000000, 1000000000
143, 44.4, 400000000, 1000000000
144, 44.4, 400000000, 1000000000
145, 44.4, 400000000, 1000000000
146, 44.9, 399999000, 1000000000
147, 44.9, 399999000, 999998000
148, 44.4, 400000000, 1000000000
149, 44.4, 400000000, 1000000000
150, 44.4, 400000000, 1000000000
151, 44.4, 400000000, 1000000000
152, 44.4, 400000000, 1000000000
153, 44.4, 400000000, 1000000000
154, 44.4, 400000000, 1000000000
155, 44.4, 400000000, 999998000
156, 44.4, 400000000, 1000000000
157, 44.4, 400000000, 1000000000
158, 44.4, 400000000, 1000000000
159, 44.4, 400000000, 1000000000
160, 44.4, 400000000, 1000000000
161, 44.4, 400000000, 1000000000
162, 44.9, 400000000, 1000000000
163, 44.4, 399999000, 1000000000
164, 44.9, 400000000, 1000000000
165, 44.4, 400000000, 1000000000
166, 44.4, 400000000, 1000000000
167, 44.4, 400000000, 1000000000
168, 44.4, 400000000, 1000000000
169, 44.4, 400000000, 1000000000
170, 44.4, 400000000, 1000000000
171, 44.4, 400000000, 1000000000
172, 44.4, 400000000, 1000000000
173, 44.4, 400000000, 1000000000
174, 44.4, 400000000, 1000000000
175, 44.4, 400000000, 1000000000
176, 44.4, 400000000, 1000000000
177, 44.4, 400000000, 1000000000
178, 44.4, 399999000, 1000000000
179, 44.4, 400000000, 1000000000
180, 44.4, 400000000, 1000000000
181, 44.4, 399999000, 1000000000
182, 43.3, 400000000, 1000000000
183, 44.9, 400000000, 999998000
184, 43.9, 399999000, 1000000000
185, 44.4, 399999000, 1000000000
186, 44.4, 400000000, 1000000000
187, 44.4, 400000000, 1000000000
188, 44.4, 400000000, 999998000
189, 44.4, 400000000, 1000000000
190, 44.4, 400000000, 1000000000
191, 44.4, 400000000, 1000000000
192, 43.9, 400000000, 1000000000
193, 43.9, 399999000, 1000000000
194, 44.4, 399999000, 1000000000
195, 44.4, 400000000, 1000000000
196, 43.9, 400000000, 1000000000
197, 43.9, 399999000, 1000000000
198, 43.9, 400000000, 1000000000
199, 43.3, 399999000, 1000000000
200, 44.4, 400000000, 1000000000
201, 44.4, 400000000, 1000000000
202, 43.9, 400000000, 1000000000
203, 43.3, 400000000, 1000000000
204, 44.4, 400000000, 1000000000
205, 44.4, 400000000, 1000000000
206, 43.9, 400000000, 1000000000
207, 44.4, 399999000, 1000000000
208, 43.3, 399999000, 1000000000
209, 43.3, 400000000, 1000000000
210, 43.3, 400000000, 1000000000
211, 43.9, 399999000, 1000000000
212, 43.3, 400000000, 1000000000
213, 43.3, 400000000, 1000000000
214, 44.4, 400000000, 1000000000
215, 43.3, 400000000, 1000000000
216, 43.3, 400000000, 1000000000
217, 43.3, 400000000, 1000000000
218, 43.3, 400000000, 1000000000
219, 43.3, 400000000, 1000000000
220, 43.9, 400000000, 1000000000
221, 43.3, 400000000, 1000000000
222, 43.3, 399999000, 1000000000
223, 43.3, 400000000, 1000000000
224, 43.3, 400000000, 1000000000
225, 43.3, 400000000, 1000000000
226, 43.9, 400000000, 999998000
227, 43.3, 399999000, 1000000000
228, 42.8, 399999000, 1000000000
229, 43.3, 400000000, 1000000000
230, 43.3, 400000000, 999998000
231, 42.8, 400000000, 1000002000
232, 43.3, 400000000, 1000000000
233, 43.3, 400000000, 1000000000
234, 43.3, 400000000, 1000000000
235, 43.3, 400000000, 1000000000
236, 43.3, 400000000, 999998000
237, 43.3, 399999000, 1000000000
238, 42.2, 400000000, 1000000000
239, 43.3, 400000000, 1000000000
240, 43.3, 399999000, 999998000
241, 42.8, 400000000, 1000000000
242, 43.3, 400000000, 1000000000
243, 43.3, 400000000, 1000000000
244, 42.8, 400000000, 1000000000
245, 42.8, 400000000, 999998000
246, 43.3, 400000000, 1000000000
247, 43.3, 400000000, 1000000000
248, 43.3, 400000000, 1000000000
249, 43.3, 400000000, 1000000000
250, 43.3, 400000000, 1000000000
251, 43.3, 400000000, 999998000
252, 43.3, 400000000, 1000000000
253, 43.3, 400000000, 1000000000
254, 43.3, 400000000, 1000000000
255, 43.3, 400000000, 1000000000
256, 43.3, 399999000, 1000000000
257, 42.8, 400000000, 1000000000
258, 43.3, 400000000, 1000000000
259, 42.8, 400000000, 1000000000
260, 43.3, 399999000, 1000000000
261, 42.8, 399999000, 1000000000
262, 43.3, 400000000, 1000000000
263, 42.8, 400000000, 1000000000
264, 43.3, 400000000, 1000000000
265, 42.8, 400000000, 1000000000
266, 42.8, 400000000, 1000000000
267, 42.8, 400000000, 1000000000
268, 42.8, 400000000, 1000000000
269, 42.8, 400000000, 999998000
270, 42.2, 400000000, 1000000000
271, 42.2, 399999000, 1000000000
272, 42.8, 400000000, 999998000
273, 42.2, 400000000, 1000000000
274, 42.8, 399999000, 1000000000
275, 42.8, 400000000, 999998000
276, 42.2, 400000000, 1000002000
277, 42.8, 400000000, 1000000000
278, 42.8, 400000000, 1000000000
279, 42.2, 400000000, 1000000000
280, 42.8, 400000000, 1000000000
281, 42.8, 399999000, 1000000000
282, 42.2, 400000000, 1000000000
283, 42.2, 400000000, 1000000000
284, 42.8, 400000000, 1000000000
285, 42.2, 400000000, 1000000000
286, 42.8, 400000000, 1000000000
287, 42.2, 400000000, 1000000000
288, 42.2, 400000000, 1000000000
289, 42.2, 400000000, 1000000000
290, 42.8, 400000000, 1000000000
291, 42.8, 400000000, 1000000000
292, 42.8, 400000000, 1000000000
293, 42.2, 400000000, 1000000000
294, 42.2, 400000000, 1000000000
295, 42.2, 400000000, 1000000000
296, 42.8, 399999000, 1000000000
297, 42.2, 400000000, 1000000000
298, 42.2, 400000000, 1000000000
299, 42.2, 400000000, 1000000000
300, 42.2, 400000000, 1000000000
301, 42.2, 399999000, 999998000
302, 42.2, 400000000, 999998000
303, 42.2, 400000000, 1000000000
304, 42.2, 400000000, 1000000000
305, 42.2, 400000000, 1000000000
306, 42.2, 400000000, 1000000000
307, 42.2, 400000000, 1000000000
308, 42.2, 399999000, 1000000000
309, 42.8, 400000000, 1000000000
310, 42.2, 400000000, 1000000000
311, 42.2, 400000000, 1000000000
312, 42.2, 400000000, 1000000000
313, 42.2, 400000000, 1000000000
314, 42.2, 400000000, 1000000000
315, 42.2, 400000000, 1000000000
316, 41.7, 400000000, 1000000000
317, 42.2, 400000000, 1000000000
318, 42.2, 400000000, 1000000000
319, 42.2, 400000000, 1000000000
320, 42.2, 399999000, 1000000000
321, 42.2, 400000000, 1000000000
322, 42.2, 400000000, 1000000000
323, 42.2, 400000000, 1000000000
324, 42.2, 400000000, 1000000000
325, 42.2, 400000000, 1000000000
326, 41.7, 400000000, 1000000000
327, 42.2, 400000000, 1000000000
328, 42.2, 400000000, 1000000000
329, 42.2, 400000000, 999998000
330, 42.2, 400000000, 999998000
331, 42.2, 399999000, 1000002000
332, 41.7, 399999000, 1000000000
333, 41.7, 399999000, 1000000000
334, 42.2, 400000000, 1000002000
335, 42.2, 400000000, 1000000000
336, 41.7, 400000000, 1000000000
337, 41.7, 400000000, 1000000000
338, 41.7, 400000000, 1000000000
339, 42.2, 400000000, 1000000000
340, 41.7, 400000000, 999998000
341, 41.7, 400000000, 999998000
342, 41.2, 400000000, 1000000000
343, 42.2, 400000000, 1000000000
344, 41.2, 400000000, 1000000000
345, 41.7, 400000000, 1000000000
346, 41.7, 400000000, 1000000000
347, 41.7, 400000000, 999998000
348, 41.7, 400000000, 1000000000
349, 41.2, 400000000, 1000000000
350, 41.2, 400000000, 1000000000
351, 41.7, 400000000, 999998000
352, 42.2, 400000000, 1000000000
353, 41.7, 400000000, 1000000000
354, 41.7, 400000000, 1000000000
355, 41.7, 400000000, 1000000000
356, 41.7, 399999000, 1000000000
357, 41.2, 399999000, 999998000
358, 41.2, 400000000, 1000000000
359, 41.2, 400000000, 1000002000
360, 41.2, 400000000, 1000000000
361, 41.2, 400000000, 1000000000
362, 41.2, 400000000, 1000000000
363, 41.2, 400000000, 1000000000
364, 41.2, 400000000, 1000000000
365, 41.7, 400000000, 1000000000
366, 41.7, 400000000, 1000000000
367, 40.6, 400000000, 1000000000
368, 41.2, 400000000, 1000000000
369, 41.2, 400000000, 1000000000
370, 41.2, 400000000, 1000000000
371, 41.2, 400000000, 1000000000
372, 41.2, 400000000, 1000000000
373, 41.7, 400000000, 1000000000
374, 41.2, 399999000, 1000000000
375, 41.7, 400000000, 1000000000
376, 40.6, 399999000, 1000000000
377, 41.2, 400000000, 1000000000
378, 41.2, 399999000, 1000000000
379, 41.2, 400000000, 1000000000
380, 41.7, 400000000, 1000000000
381, 41.2, 400000000, 1000000000
382, 41.2, 400000000, 999998000
383, 41.2, 399999000, 1000000000
384, 41.2, 400000000, 1000000000
385, 41.2, 400000000, 1000000000
386, 41.2, 400000000, 1000000000
387, 41.2, 400000000, 1000000000
388, 41.2, 399999000, 1000000000
389, 41.2, 400000000, 1000000000
390, 41.2, 400000000, 1000000000
391, 41.2, 400000000, 1000000000
392, 40.6, 400000000, 1000000000
393, 40.6, 399999000, 1000000000
394, 40.6, 400000000, 1000000000
395, 40.6, 400000000, 1000000000
396, 40.6, 399999000, 1000000000
397, 40.6, 399999000, 1000000000
398, 40.6, 400000000, 1000000000
399, 41.2, 399999000, 1000000000
400, 41.2, 400000000, 1000000000
401, 40.6, 400000000, 1000000000
402, 40.6, 400000000, 999998000
403, 40.1, 400000000, 1000000000
404, 41.2, 400000000, 999998000
405, 40.1, 400000000, 1000000000
406, 40.6, 400000000, 1000000000
407, 40.6, 400000000, 1000000000
408, 41.2, 400000000, 1000000000
409, 40.1, 399999000, 1000000000
410, 40.6, 400000000, 1000000000
411, 40.6, 400000000, 1000000000
412, 41.2, 400000000, 1000000000
413, 41.2, 400000000, 1000000000
414, 41.2, 400000000, 1000000000
415, 40.1, 400000000, 1000000000
416, 40.6, 400000000, 1000000000
417, 40.6, 400000000, 1000000000
418, 40.6, 400000000, 1000000000
419, 40.6, 400000000, 1000000000
420, 40.6, 399999000, 1000000000
421, 40.6, 400000000, 1000000000
422, 40.1, 400000000, 1000000000
423, 40.6, 400000000, 1000000000
424, 40.1, 400000000, 1000000000
425, 41.2, 399999000, 1000000000
426, 40.1, 400000000, 1000000000
427, 40.1, 400000000, 1000000000
428, 40.1, 400000000, 1000000000
429, 40.6, 400000000, 1000000000
430, 40.1, 400000000, 1000000000
431, 40.1, 400000000, 1000000000
432, 40.1, 400000000, 1000002000
433, 40.1, 400000000, 1000000000
434, 40.6, 399999000, 1000000000
435, 40.1, 400000000, 1000000000
436, 40.1, 400000000, 1000000000
437, 40.1, 400000000, 1000000000
438, 40.1, 400000000, 1000000000
439, 40.6, 400000000, 1000000000
440, 40.1, 400000000, 1000000000
441, 40.6, 400000000, 1000000000
442, 40.6, 399999000, 1000000000
443, 40.6, 400000000, 999998000
444, 40.6, 400000000, 1000000000
445, 40.1, 400000000, 1000000000
446, 40.6, 400000000, 1000000000
447, 40.1, 400000000, 1000000000
448, 40.1, 400000000, 1000000000
449, 40.1, 400000000, 1000000000
450, 40.1, 399999000, 1000000000
451, 40.1, 400000000, 1000000000
452, 40.1, 400000000, 1000000000
453, 40.1, 399999000, 999998000
454, 40.1, 400000000, 1000000000
455, 40.6, 400000000, 1000000000
456, 40.1, 400000000, 1000000000
457, 40.1, 400000000, 1000000000
458, 40.1, 400000000, 1000000000
459, 40.1, 400000000, 1000000000
460, 40.6, 400000000, 1000000000
461, 40.1, 399999000, 1000000000
462, 40.1, 400000000, 1000000000
463, 40.1, 399999000, 1000000000
464, 40.1, 400000000, 999998000
465, 40.1, 400000000, 1000000000
466, 40.1, 400000000, 1000000000
467, 40.1, 400000000, 1000000000
468, 40.1, 399999000, 1000000000
469, 40.6, 400000000, 1000000000
470, 40.1, 400000000, 1000000000
471, 40.1, 400000000, 1000000000
472, 40.1, 400000000, 1000000000
473, 40.1, 400000000, 1000000000
474, 40.1, 400000000, 1000000000
475, 40.1, 400000000, 1000000000
476, 40.1, 399999000, 1000000000
477, 39.5, 400000000, 1000000000
478, 40.1, 400000000, 1000000000
479, 40.1, 400000000, 1000000000
480, 40.1, 400000000, 1000000000
481, 40.1, 400000000, 1000000000
482, 40.1, 400000000, 1000000000
483, 40.1, 400000000, 1000000000
484, 40.1, 400000000, 1000000000
485, 40.1, 400000000, 1000000000
486, 39.5, 399999000, 1000000000
487, 40.1, 400000000, 1000000000
488, 40.1, 400000000, 1000000000
489, 40.1, 400000000, 1000000000
490, 40.1, 400000000, 1000000000
491, 39.5, 400000000, 999998000
492, 40.1, 400000000, 1000000000
493, 40.1, 399999000, 1000000000
494, 40.1, 400000000, 1000000000
495, 40.1, 400000000, 1000000000
496, 39.5, 400000000, 1000000000
497, 39.5, 400000000, 1000000000
498, 40.1, 400000000, 1000000000
499, 39.5, 400000000, 1000000000
500, 40.1, 400000000, 1000000000
501, 40.1, 400000000, 1000000000
502, 39.0, 400000000, 1000000000
503, 39.5, 400000000, 1000000000
504, 39.5, 400000000, 1000000000
505, 39.5, 400000000, 1000000000
506, 40.1, 400000000, 1000000000
507, 40.1, 399999000, 1000000000
508, 39.5, 400000000, 1000000000
509, 39.0, 400000000, 1000002000
510, 40.1, 400000000, 1000000000
511, 40.1, 399999000, 1000000000
512, 39.0, 400000000, 1000000000
513, 39.5, 400000000, 1000000000
514, 39.0, 400000000, 1000002000
515, 40.1, 400000000, 1000000000
516, 39.5, 400000000, 1000000000
517, 39.5, 400000000, 1000000000
518, 40.1, 400000000, 1000000000
519, 39.5, 400000000, 1000000000
520, 39.5, 400000000, 1000000000
521, 39.0, 399999000, 1000000000
522, 39.0, 400000000, 1000000000
523, 40.1, 400000000, 1000000000
524, 39.5, 399999000, 1000000000
525, 39.5, 400000000, 1000000000
526, 39.5, 400000000, 1000000000
527, 40.1, 400000000, 1000000000
528, 39.5, 400000000, 1000000000
529, 40.1, 399999000, 1000000000
530, 39.0, 399999000, 1000000000
531, 39.5, 400000000, 1000000000
532, 39.0, 400000000, 1000000000
533, 40.1, 400000000, 1000000000
534, 39.5, 400000000, 1000000000
535, 39.5, 400000000, 1000000000
536, 39.0, 400000000, 1000000000
537, 39.0, 400000000, 1000000000
538, 40.1, 400000000, 1000000000
539, 39.5, 400000000, 1000000000
540, 39.5, 400000000, 1000000000
541, 39.0, 400000000, 1000000000
542, 39.5, 400000000, 1000000000
543, 39.0, 400000000, 1000000000
544, 39.5, 400000000, 1000000000
545, 39.0, 400000000, 999998000
546, 39.5, 400000000, 999998000
547, 39.5, 400000000, 1000000000
548, 39.5, 400000000, 1000000000
549, 39.0, 400000000, 999998000
550, 39.5, 400000000, 1000000000
551, 39.0, 400000000, 999998000
552, 39.0, 400000000, 1000000000
553, 39.5, 399999000, 1000000000
554, 39.5, 400000000, 1000000000
555, 39.5, 400000000, 1000000000
556, 39.5, 400000000, 999998000
557, 39.0, 399999000, 1000000000
558, 39.0, 399999000, 1000000000
559, 39.5, 400000000, 1000000000
560, 39.0, 400000000, 1000000000
561, 39.0, 400000000, 1000000000
562, 39.5, 399999000, 1000000000
563, 39.0, 400000000, 1000000000
564, 39.0, 400000000, 1000000000
565, 38.5, 400000000, 1000000000
566, 39.0, 400000000, 1000000000
567, 39.0, 399999000, 999998000
568, 39.0, 400000000, 1000000000
569, 39.5, 400000000, 1000002000
570, 39.0, 400000000, 1000000000
571, 39.0, 400000000, 1000000000
572, 39.5, 400000000, 1000000000
573, 39.0, 400000000, 1000000000
574, 39.5, 400000000, 1000000000
575, 39.5, 400000000, 1000000000
576, 38.5, 400000000, 1000000000
577, 39.0, 400000000, 1000000000
578, 39.0, 400000000, 1000000000
579, 39.0, 400000000, 1000002000
580, 39.5, 400000000, 1000000000
581, 39.0, 400000000, 1000000000
582, 39.0, 399999000, 1000000000
583, 39.0, 400000000, 1000000000
584, 39.0, 400000000, 1000000000
585, 39.0, 399999000, 1000000000
586, 39.0, 400000000, 1000000000
587, 39.0, 400000000, 1000000000
588, 39.0, 400000000, 1000000000
589, 39.0, 400000000, 1000000000
590, 39.0, 399999000, 1000000000
591, 39.0, 400000000, 1000000000
592, 39.0, 400000000, 1000000000
593, 39.0, 400000000, 1000000000
594, 38.5, 400000000, 1000000000
595, 38.5, 400000000, 1000000000
596, 39.0, 399999000, 1000000000
597, 39.0, 400000000, 1000000000
598, 39.0, 400000000, 1000000000
599, 39.0, 400000000, 1000000000
600, 38.5, 400000000, 1000000000
601, 39.0, 400000000, 1000000000
602, 39.0, 399999000, 1000000000
603, 38.5, 399999000, 1000000000
604, 39.0, 400000000, 1000000000
605, 39.0, 399999000, 999998000
606, 39.0, 400000000, 1000000000
607, 38.5, 400000000, 1000000000
608, 39.0, 400000000, 1000000000
609, 38.5, 400000000, 999998000
610, 39.0, 400000000, 1000000000
611, 39.0, 399999000, 1000000000
612, 38.5, 400000000, 1000000000
613, 39.0, 400000000, 1000000000
614, 38.5, 400000000, 1000002000
615, 39.0, 400000000, 1000000000
616, 39.0, 400000000, 1000000000
617, 39.0, 400000000, 1000000000
618, 39.0, 400000000, 1000000000
619, 38.5, 400000000, 1000000000
620, 38.5, 400000000, 1000000000
621, 37.9, 400000000, 1000000000
622, 39.0, 399999000, 1000000000
623, 38.5, 400000000, 1000000000
624, 38.5, 400000000, 1000000000
625, 38.5, 400000000, 1000000000
626, 38.5, 400000000, 1000000000
627, 39.0, 400000000, 1000000000
628, 38.5, 400000000, 1000000000
629, 38.5, 400000000, 1000000000
630, 39.0, 400000000, 999998000
631, 38.5, 400000000, 1000000000
632, 38.5, 400000000, 1000000000
633, 38.5, 400000000, 1000000000
634, 39.0, 399999000, 999998000
635, 38.5, 400000000, 1000000000
636, 38.5, 400000000, 1000000000
637, 37.9, 400000000, 1000000000
638, 39.0, 399999000, 1000000000
639, 38.5, 399999000, 1000000000
640, 39.0, 400000000, 1000000000
641, 39.0, 400000000, 1000000000
642, 38.5, 400000000, 1000000000
643, 39.0, 400000000, 1000000000
644, 38.5, 400000000, 1000000000
645, 38.5, 400000000, 1000000000
646, 38.5, 400000000, 1000000000
647, 38.5, 400000000, 1000000000
648, 37.9, 400000000, 1000000000
649, 38.5, 400000000, 1000002000
650, 39.0, 400000000, 1000000000
651, 37.9, 399999000, 1000000000
652, 38.5, 400000000, 1000000000
653, 38.5, 400000000, 1000000000
654, 37.9, 400000000, 1000002000
655, 38.5, 400000000, 1000000000
656, 39.0, 399999000, 1000000000
657, 38.5, 399999000, 1000000000
658, 38.5, 400000000, 1000000000
659, 38.5, 399999000, 1000000000
660, 38.5, 400000000, 1000000000
661, 38.5, 400000000, 1000000000
662, 38.5, 400000000, 1000000000
663, 38.5, 400000000, 1000000000
664, 38.5, 399999000, 1000000000
665, 38.5, 400000000, 1000000000
666, 37.9, 400000000, 1000000000
667, 38.5, 400000000, 1000000000
668, 38.5, 400000000, 1000000000
669, 37.9, 400000000, 1000000000
670, 37.9, 400000000, 1000000000
671, 38.5, 400000000, 1000000000
672, 39.0, 400000000, 1000000000
673, 37.9, 400000000, 1000000000
674, 37.9, 399999000, 1000000000
675, 38.5, 400000000, 1000000000
676, 37.9, 400000000, 1000000000
677, 37.9, 400000000, 1000000000
678, 37.9, 399999000, 1000000000
679, 38.5, 400000000, 999998000
680, 37.9, 400000000, 1000000000
681, 37.9, 399999000, 1000000000
682, 37.9, 399999000, 1000000000
683, 38.5, 400000000, 1000000000
684, 37.9, 400000000, 1000000000
685, 37.9, 400000000, 1000000000
686, 37.9, 400000000, 1000002000
687, 37.9, 400000000, 1000000000
688, 37.9, 400000000, 1000000000
689, 37.9, 400000000, 1000000000
690, 37.9, 400000000, 1000000000
691, 38.5, 400000000, 1000000000
692, 37.9, 400000000, 1000002000
693, 38.5, 400000000, 999998000
694, 37.9, 399999000, 1000000000
695, 38.5, 400000000, 1000000000
696, 37.9, 400000000, 1000000000
697, 37.9, 400000000, 1000000000
698, 37.9, 400000000, 1000000000
699, 37.9, 400000000, 1000000000
700, 38.5, 400000000, 1000000000
701, 37.9, 400000000, 1000000000
702, 38.5, 400000000, 1000000000
703, 37.9, 400000000, 1000000000
704, 37.9, 400000000, 1000000000
705, 37.9, 399999000, 1000000000
706, 38.5, 400000000, 1000000000
707, 37.9, 400000000, 1000000000
708, 37.9, 400000000, 999998000
709, 37.9, 400000000, 1000000000
710, 37.9, 400000000, 1000000000
711, 37.9, 400000000, 1000000000
712, 38.5, 400000000, 1000000000
713, 37.9, 400000000, 1000000000
714, 37.9, 400000000, 1000000000
715, 38.5, 400000000, 1000000000
716, 37.9, 400000000, 1000000000
717, 37.9, 400000000, 1000000000
718, 37.9, 400000000, 1000000000
719, 37.9, 400000000, 1000000000
720, 37.9, 400000000, 1000000000
721, 37.9, 400000000, 1000000000
722, 37.9, 400000000, 1000000000
723, 37.9, 400000000, 1000000000
724, 37.9, 400000000, 1000000000
725, 37.9, 400000000, 1000000000
726, 37.9, 400000000, 1000000000
727, 37.9, 400000000, 1000000000
728, 37.9, 400000000, 1000000000
729, 37.9, 400000000, 999998000
730, 37.9, 400000000, 1000000000
731, 37.9, 400000000, 1000000000
732, 37.9, 400000000, 1000000000
733, 37.9, 400000000, 1000000000
734, 37.9, 400000000, 1000000000
735, 37.9, 400000000, 1000000000
736, 37.9, 400000000, 1000000000
737, 37.4, 400000000, 1000000000
738, 37.9, 400000000, 1000000000
739, 37.9, 399999000, 1000000000
740, 37.9, 400000000, 1000000000
741, 37.9, 400000000, 1000000000
742, 37.9, 400000000, 999998000
743, 37.9, 400000000, 1000000000
744, 37.9, 399999000, 1000000000
745, 37.4, 400000000, 1000000000
746, 37.9, 400000000, 1000000000
747, 37.9, 400000000, 1000000000
748, 37.9, 400000000, 1000000000
749, 37.9, 400000000, 1000000000
750, 37.4, 399999000, 1000000000
751, 37.9, 400000000, 1000000000
752, 37.9, 400000000, 1000000000
753, 37.9, 400000000, 1000000000
754, 37.9, 400000000, 1000000000
755, 37.9, 400000000, 1000000000
756, 37.9, 400000000, 1000000000
757, 37.9, 400000000, 1000000000
758, 37.9, 400000000, 1000000000
759, 37.9, 400000000, 999998000
760, 37.4, 400000000, 1000000000
761, 37.9, 400000000, 1000000000
762, 37.9, 399999000, 999998000
763, 37.9, 400000000, 1000000000
764, 37.9, 400000000, 1000000000
765, 37.9, 400000000, 999998000
766, 36.9, 400000000, 1000000000
767, 37.4, 400000000, 999998000
768, 37.4, 400000000, 1000000000
769, 37.9, 400000000, 999998000
770, 37.9, 400000000, 1000000000
771, 37.9, 400000000, 1000000000
772, 37.4, 400000000, 1000000000
773, 37.4, 400000000, 1000000000
774, 37.9, 400000000, 1000000000
775, 37.4, 400000000, 1000000000
776, 37.4, 400000000, 1000000000
777, 37.9, 399999000, 1000000000
778, 36.9, 400000000, 1000000000
779, 37.9, 400000000, 1000000000
780, 37.4, 400000000, 1000000000
781, 36.9, 399999000, 1000000000
782, 37.9, 400000000, 1000000000
783, 37.9, 399999000, 1000000000
784, 37.4, 400000000, 1000000000
785, 37.9, 400000000, 1000000000
786, 37.4, 400000000, 1000000000
787, 37.4, 400000000, 1000000000
788, 37.4, 400000000, 1000000000
789, 37.9, 400000000, 1000000000
790, 37.9, 400000000, 1000000000
791, 37.4, 399999000, 1000000000
792, 37.4, 400000000, 1000000000
793, 36.9, 400000000, 1000000000
794, 37.4, 400000000, 1000000000
795, 37.4, 400000000, 1000000000
796, 37.4, 400000000, 999998000
797, 37.9, 400000000, 1000000000
798, 37.9, 400000000, 1000000000
799, 37.4, 400000000, 1000000000
800, 37.4, 400000000, 1000000000
801, 37.4, 399999000, 1000000000
802, 36.9, 400000000, 1000000000
803, 37.4, 400000000, 1000000000
804, 37.4, 399999000, 1000000000
805, 36.9, 400000000, 1000000000
806, 37.9, 400000000, 1000000000
807, 37.9, 400000000, 1000000000
808, 36.9, 399999000, 1000000000
809, 37.4, 400000000, 999998000
810, 37.4, 400000000, 1000000000
811, 37.4, 399999000, 1000000000
812, 37.4, 400000000, 1000000000
813, 37.4, 400000000, 1000000000
814, 37.9, 400000000, 1000000000
815, 36.9, 400000000, 1000000000
816, 37.4, 400000000, 1000000000
817, 37.9, 400000000, 1000000000
818, 37.4, 400000000, 1000000000
819, 37.4, 400000000, 1000000000
820, 37.4, 400000000, 1000000000
821, 37.9, 399999000, 1000000000
822, 37.4, 400000000, 1000000000
823, 37.4, 400000000, 1000000000
824, 37.4, 400000000, 1000000000
825, 37.4, 400000000, 1000000000
826, 36.9, 400000000, 1000000000
827, 37.4, 400000000, 1000000000
828, 36.9, 400000000, 1000000000
829, 36.9, 400000000, 1000000000
830, 37.4, 400000000, 1000000000
831, 37.4, 400000000, 1000000000
832, 37.4, 400000000, 1000000000
833, 37.4, 400000000, 1000000000
834, 36.9, 400000000, 1000000000
835, 37.4, 400000000, 999998000
836, 37.4, 400000000, 1000000000
837, 36.9, 400000000, 1000000000
838, 36.9, 400000000, 1000000000
839, 36.3, 399999000, 1000000000
840, 37.4, 400000000, 1000000000
841, 36.9, 400000000, 1000000000
842, 36.9, 400000000, 1000000000
843, 36.9, 400000000, 1000000000
844, 36.9, 400000000, 1000000000
845, 37.4, 400000000, 1000000000
846, 37.9, 400000000, 1000000000
847, 36.9, 400000000, 1000000000
848, 37.4, 400000000, 1000000000
849, 37.4, 400000000, 1000000000
850, 36.9, 400000000, 999998000
851, 37.4, 400000000, 1000000000
852, 36.9, 399999000, 1000000000
853, 36.9, 400000000, 1000000000
854, 36.9, 399999000, 1000000000
855, 36.9, 400000000, 1000000000
856, 36.9, 400000000, 1000000000
857, 37.4, 400000000, 1000000000
858, 37.4, 400000000, 1000000000
859, 37.4, 399999000, 1000000000
860, 36.9, 400000000, 1000000000
861, 36.9, 400000000, 1000000000
862, 36.9, 399999000, 1000000000
863, 36.9, 400000000, 1000000000
864, 36.9, 400000000, 1000000000
865, 36.9, 400000000, 1000000000
866, 37.4, 400000000, 1000000000
867, 37.9, 400000000, 999998000
868, 36.9, 400000000, 1000000000
869, 36.9, 399999000, 1000000000
870, 37.4, 399999000, 1000000000
871, 36.9, 399999000, 1000000000
872, 36.9, 400000000, 999998000
873, 37.9, 400000000, 1000000000
874, 37.4, 400000000, 1000002000
875, 37.4, 400000000, 1000000000
876, 36.9, 400000000, 1000000000
877, 36.9, 399999000, 1000000000
878, 37.4, 399999000, 1000000000
879, 36.9, 400000000, 1000000000
880, 36.9, 400000000, 1000000000
881, 36.9, 400000000, 1000000000
882, 36.9, 400000000, 1000000000
883, 36.9, 400000000, 1000000000
884, 37.4, 400000000, 1000000000
885, 36.9, 399999000, 999998000
886, 37.4, 399999000, 1000000000
887, 36.9, 400000000, 1000000000
888, 37.4, 400000000, 1000000000
889, 37.4, 400000000, 1000000000
890, 36.9, 400000000, 1000000000
891, 36.9, 400000000, 1000000000
892, 36.9, 399999000, 1000000000
893, 36.9, 400000000, 1000000000
894, 36.9, 400000000, 1000000000
895, 36.9, 400000000, 1000000000
896, 36.9, 400000000, 1000000000
897, 36.9, 400000000, 1000000000
898, 36.9, 400000000, 1000000000
899, 36.9, 400000000, 1000000000
900, 36.9, 399999000, 1000000000
901, 37.4, 400000000, 1000000000
902, 36.9, 400000000, 1000000000
903, 37.4, 400000000, 1000002000
904, 36.9, 400000000, 1000000000
905, 36.9, 399999000, 1000000000
906, 37.4, 400000000, 1000000000
907, 36.9, 400000000, 1000000000
908, 37.4, 400000000, 1000000000
909, 36.9, 400000000, 1000000000
910, 36.9, 400000000, 1000000000
911, 36.9, 400000000, 1000000000
912, 36.9, 400000000, 1000000000
913, 36.9, 400000000, 1000000000
914, 36.9, 400000000, 1000000000
915, 36.9, 400000000, 1000000000
916, 36.9, 399999000, 1000000000
917, 36.9, 400000000, 1000000000
918, 37.4, 400000000, 1000000000
919, 36.9, 400000000, 1000000000
920, 36.9, 400000000, 1000000000
921, 36.9, 400000000, 1000000000
922, 36.9, 400000000, 1000000000
923, 36.9, 400000000, 1000000000
924, 36.3, 400000000, 1000000000
925, 36.9, 400000000, 1000000000
926, 36.9, 400000000, 1000000000
927, 36.9, 400000000, 1000000000
928, 36.9, 400000000, 999998000
929, 36.9, 400000000, 1000000000
930, 36.9, 399999000, 1000000000
931, 36.9, 399999000, 1000000000
932, 36.9, 400000000, 1000000000
933, 36.9, 400000000, 999998000
934, 37.4, 400000000, 1000000000
935, 36.9, 400000000, 1000000000
936, 36.3, 400000000, 999998000
937, 36.9, 400000000, 1000000000
938, 36.9, 400000000, 1000000000
939, 36.9, 400000000, 1000000000
940, 37.4, 400000000, 999998000
941, 36.9, 400000000, 999998000
942, 36.9, 400000000, 1000000000
943, 36.9, 400000000, 1000000000
944, 36.9, 400000000, 1000000000
945, 36.3, 400000000, 999998000
946, 36.3, 399999000, 1000000000
947, 36.9, 399999000, 1000000000
948, 36.3, 400000000, 1000000000
949, 36.9, 400000000, 1000000000
950, 36.9, 399999000, 1000000000
951, 36.9, 400000000, 1000000000
952, 36.9, 400000000, 1000000000
953, 36.3, 399999000, 1000000000
954, 36.3, 400000000, 1000000000
955, 37.4, 400000000, 1000000000
956, 36.9, 400000000, 1000000000
957, 36.9, 400000000, 999998000
958, 36.9, 400000000, 1000000000
959, 36.9, 400000000, 1000000000
960, 36.9, 399999000, 1000000000
961, 36.9, 400000000, 1000000000
962, 36.9, 400000000, 1000000000
963, 36.9, 400000000, 1000000000
964, 36.9, 400000000, 1000000000
965, 36.9, 400000000, 1000000000
966, 36.9, 400000000, 1000000000
967, 36.9, 400000000, 1000000000
968, 36.3, 399999000, 1000000000
969, 36.9, 400000000, 1000000000
970, 36.9, 400000000, 1000000000
971, 36.9, 400000000, 1000000000
972, 36.9, 400000000, 1000000000
973, 36.9, 400000000, 1000000000
974, 35.8, 400000000, 1000000000
975, 36.9, 400000000, 1000000000
976, 36.9, 400000000, 1000000000
977, 36.3, 400000000, 1000000000
978, 36.9, 399999000, 1000000000
979, 36.9, 400000000, 1000000000
980, 36.9, 400000000, 1000000000
981, 36.9, 400000000, 1000000000
982, 36.9, 400000000, 1000000000
983, 36.9, 400000000, 1000000000
984, 36.3, 400000000, 1000000000
985, 36.3, 399999000, 1000000000
986, 36.9, 400000000, 1000000000
987, 36.9, 400000000, 1000000000
988, 36.3, 400000000, 1000000000
989, 36.9, 400000000, 1000000000
990, 36.9, 400000000, 1000000000
991, 36.3, 400000000, 999998000
992, 36.9, 400000000, 1000000000
993, 36.9, 400000000, 1000000000
994, 36.3, 400000000, 1000000000
995, 35.8, 400000000, 1000000000
996, 36.9, 400000000, 1000000000
997, 36.9, 400000000, 1000000000
998, 36.9, 400000000, 1000000000
999, 36.9, 400000000, 999998000
1000, 36.3, 400000000, 1000000000
1001, 36.3, 400000000, 1000000000
1002, 35.8, 400000000, 999998000
1003, 36.9, 400000000, 1000000000
1004, 36.9, 400000000, 1000000000
1005, 36.3, 400000000, 1000000000
1006, 36.9, 400000000, 1000000000
1007, 36.3, 400000000, 1000000000
1008, 36.9, 400000000, 1000000000
1009, 36.3, 400000000, 1000000000
1010, 36.3, 399999000, 1000000000
1011, 36.9, 400000000, 1000000000
1012, 36.3, 400000000, 1000000000
1013, 36.3, 400000000, 999998000
1014, 36.3, 400000000, 1000000000
1015, 36.3, 400000000, 1000000000
1016, 36.3, 399999000, 1000000000
1017, 36.3, 400000000, 1000000000
1018, 36.3, 400000000, 1000000000
1019, 36.9, 400000000, 1000000000
1020, 36.3, 400000000, 1000000000
1021, 36.3, 400000000, 999998000
1022, 36.9, 399999000, 1000000000
1023, 35.8, 400000000, 1000000000
1024, 36.9, 400000000, 1000000000
1025, 36.9, 400000000, 1000000000
1026, 36.3, 400000000, 1000000000
1027, 36.3, 400000000, 1000000000
1028, 36.3, 400000000, 1000000000
1029, 36.3, 400000000, 1000000000
1030, 36.3, 400000000, 1000002000
1031, 36.9, 400000000, 1000000000
1032, 36.9, 400000000, 1000000000
1033, 36.3, 400000000, 1000000000
1034, 35.8, 399999000, 1000000000
1035, 35.8, 400000000, 999998000
1036, 36.3, 400000000, 999998000
1037, 36.3, 400000000, 1000000000
1038, 35.8, 400000000, 1000000000
1039, 36.9, 400000000, 1000000000
1040, 35.8, 400000000, 1000000000
1041, 36.9, 400000000, 1000000000
1042, 36.3, 400000000, 1000000000
1043, 36.9, 400000000, 1000000000
1044, 36.3, 400000000, 1000000000
1045, 36.9, 400000000, 999998000
1046, 36.3, 400000000, 1000000000
1047, 36.3, 400000000, 1000000000
1048, 36.9, 400000000, 1000000000
1049, 36.3, 400000000, 1000000000
1050, 36.9, 400000000, 1000000000
1051, 36.9, 400000000, 1000000000
1052, 36.3, 400000000, 1000000000
1053, 36.3, 400000000, 1000000000
1054, 36.9, 400000000, 1000000000
1055, 36.3, 399999000, 1000000000
1056, 36.3, 400000000, 999998000
1057, 36.9, 399999000, 1000000000
1058, 36.3, 400000000, 1000000000
1059, 36.3, 400000000, 1000000000
1060, 36.3, 400000000, 1000000000
1061, 36.3, 400000000, 1000000000
1062, 36.9, 400000000, 999998000
1063, 36.3, 400000000, 1000000000
1064, 36.3, 400000000, 1000000000
1065, 36.9, 400000000, 1000000000
1066, 35.8, 400000000, 1000000000
1067, 36.9, 400000000, 999998000
1068, 35.8, 400000000, 999998000
1069, 36.9, 400000000, 1000000000
1070, 36.3, 400000000, 1000000000
1071, 35.8, 399999000, 999998000
1072, 36.3, 400000000, 1000000000
1073, 36.3, 400000000, 1000000000
1074, 35.8, 400000000, 1000000000
1075, 35.8, 399999000, 1000000000
1076, 36.3, 400000000, 1000000000
1077, 35.8, 400000000, 1000000000
1078, 36.9, 400000000, 1000000000
1079, 36.3, 400000000, 1000000000
1080, 36.3, 400000000, 1000000000
1081, 36.3, 400000000, 1000000000
1082, 36.9, 400000000, 1000000000
1083, 36.9, 400000000, 1000000000
1084, 36.3, 400000000, 1000000000
1085, 35.8, 399999000, 1000000000
1086, 36.9, 400000000, 1000000000
1087, 36.3, 399999000, 1000000000
1088, 36.3, 400000000, 1000000000
1089, 36.3, 399999000, 1000000000
1090, 36.3, 400000000, 1000000000
1091, 36.3, 400000000, 1000000000
1092, 36.3, 400000000, 1000000000
1093, 35.8, 400000000, 1000000000
1094, 35.8, 400000000, 1000000000
1095, 35.8, 400000000, 1000000000
1096, 36.9, 399999000, 1000000000
1097, 35.8, 400000000, 1000000000
1098, 36.3, 400000000, 1000000000
1099, 36.3, 400000000, 1000000000
1100, 36.3, 400000000, 1000000000
1101, 35.8, 400000000, 1000000000
1102, 36.3, 400000000, 1000000000
1103, 35.8, 400000000, 1000000000
1104, 35.8, 400000000, 999998000
1105, 36.3, 399999000, 1000000000
1106, 36.3, 400000000, 1000000000
1107, 35.8, 400000000, 1000000000
1108, 36.3, 400000000, 1000000000
1109, 35.8, 400000000, 1000000000
1110, 35.8, 399999000, 1000000000
1111, 36.9, 400000000, 1000000000
1112, 35.8, 399999000, 1000000000
1113, 36.3, 400000000, 1000000000
1114, 35.8, 400000000, 1000000000
1115, 36.3, 400000000, 1000000000
1116, 36.3, 400000000, 1000000000
1117, 36.9, 400000000, 1000000000
1118, 35.8, 400000000, 999998000
1119, 36.3, 400000000, 1000000000
1120, 36.3, 400000000, 1000000000
1121, 36.3, 400000000, 1000000000
1122, 36.3, 400000000, 1000000000
1123, 35.8, 399999000, 1000000000
1124, 35.8, 400000000, 1000000000
1125, 36.9, 399999000, 1000000000
1126, 36.3, 400000000, 1000000000
1127, 36.3, 400000000, 999998000
1128, 35.8, 400000000, 1000000000
1129, 35.8, 400000000, 1000000000
1130, 36.3, 400000000, 1000000000
1131, 35.8, 400000000, 1000000000
1132, 35.8, 400000000, 1000000000
1133, 36.3, 400000000, 999998000
1134, 36.3, 400000000, 1000000000
1135, 36.3, 400000000, 1000000000
1136, 36.3, 399999000, 1000000000
1137, 35.8, 400000000, 1000000000
1138, 36.3, 400000000, 999998000
1139, 36.3, 400000000, 1000000000
1140, 35.8, 400000000, 1000000000
1141, 35.8, 400000000, 999998000
1142, 36.9, 399999000, 1000000000
1143, 35.8, 400000000, 1000000000
1144, 35.8, 400000000, 1000000000
1145, 36.9, 400000000, 1000000000
1146, 35.8, 400000000, 1000000000
1147, 36.3, 400000000, 1000000000
1148, 35.8, 400000000, 1000000000
1149, 35.8, 399999000, 1000000000
1150, 35.8, 400000000, 1000000000
1151, 35.8, 400000000, 1000000000
1152, 35.8, 399999000, 1000000000
1153, 36.3, 399999000, 1000000000
1154, 35.8, 400000000, 1000000000
1155, 35.8, 400000000, 1000000000
1156, 35.8, 400000000, 1000000000
1157, 36.3, 400000000, 1000000000
1158, 36.3, 400000000, 1000000000
1159, 36.3, 400000000, 1000000000
1160, 36.3, 400000000, 1000000000
1161, 35.8, 399999000, 1000000000
1162, 35.8, 400000000, 1000000000
1163, 36.3, 400000000, 1000000000
1164, 36.3, 400000000, 1000000000
1165, 35.8, 400000000, 1000000000
1166, 36.3, 400000000, 1000000000
1167, 36.9, 400000000, 1000000000
1168, 35.8, 400000000, 1000000000
1169, 36.9, 400000000, 1000000000
1170, 35.8, 400000000, 999998000
1171, 35.8, 400000000, 1000000000
1172, 35.8, 400000000, 1000000000
1173, 35.8, 400000000, 1000002000
1174, 35.8, 400000000, 1000000000
1175, 35.8, 400000000, 1000000000
1176, 35.8, 400000000, 1000000000
1177, 35.8, 399999000, 1000000000
1178, 35.8, 400000000, 1000000000
1179, 35.8, 400000000, 999998000
1180, 35.8, 400000000, 1000000000
1181, 36.3, 400000000, 1000000000
1182, 35.8, 400000000, 1000000000
1183, 36.3, 400000000, 1000000000
1184, 36.3, 400000000, 1000000000
1185, 35.8, 400000000, 1000000000
1186, 36.3, 400000000, 1000000000
1187, 35.8, 400000000, 1000000000
1188, 35.8, 400000000, 1000000000
1189, 36.3, 400000000, 1000000000
1190, 35.8, 400000000, 1000000000
1191, 36.3, 400000000, 1000000000
1192, 35.8, 400000000, 1000000000
1193, 35.8, 400000000, 1000000000
1194, 35.8, 399999000, 1000000000
1195, 36.3, 400000000, 1000000000
1196, 36.3, 400000000, 1000000000
1197, 35.8, 400000000, 1000000000
1198, 36.3, 400000000, 1000000000
1199, 35.8, 400000000, 1000000000
1200, 36.3, 400000000, 1000000000
1201, 35.8, 400000000, 1000000000
1202, 35.8, 400000000, 1000000000
1203, 35.8, 400000000, 1000000000
1204, 36.3, 400000000, 1000000000
1205, 36.3, 400000000, 1000000000
1206, 35.8, 400000000, 1000000000
1207, 35.8, 400000000, 1000000000
1208, 35.8, 400000000, 1000000000
1209, 35.8, 400000000, 1000000000
1210, 35.8, 400000000, 1000000000
1211, 36.3, 400000000, 1000000000
1212, 36.3, 400000000, 1000000000
1213, 35.8, 400000000, 1000000000
1214, 35.8, 400000000, 1000000000
1215, 35.8, 400000000, 1000000000
1216, 35.8, 400000000, 1000000000
1217, 35.8, 400000000, 999998000
1218, 35.8, 400000000, 1000000000
1219, 35.8, 399999000, 1000000000
1220, 35.8, 400000000, 1000000000
1221, 36.3, 400000000, 1000002000
1222, 35.8, 400000000, 1000000000
1223, 35.8, 399999000, 1000000000
1224, 35.8, 399999000, 1000000000
1225, 35.8, 400000000, 1000000000
1226, 36.3, 400000000, 1000000000
1227, 35.8, 399999000, 999998000
1228, 35.8, 400000000, 1000000000
1229, 35.8, 399999000, 1000000000
1230, 35.8, 400000000, 1000000000
1231, 36.3, 400000000, 1000000000
1232, 36.3, 400000000, 1000000000
1233, 35.8, 400000000, 1000000000
1234, 35.8, 399999000, 1000000000
1235, 36.3, 400000000, 1000002000
1236, 35.8, 400000000, 999998000
1237, 35.8, 400000000, 1000000000
1238, 35.8, 400000000, 1000000000
1239, 35.8, 399999000, 1000000000
1240, 35.8, 399999000, 1000000000
1241, 35.8, 400000000, 1000000000
1242, 36.3, 400000000, 1000000000
1243, 36.3, 400000000, 1000000000
1244, 35.8, 399999000, 1000000000
1245, 34.7, 400000000, 1000000000
1246, 35.8, 400000000, 999998000
1247, 36.3, 400000000, 1000000000
1248, 35.8, 400000000, 1000000000
1249, 35.8, 399999000, 1000002000
1250, 35.8, 400000000, 1000000000
1251, 35.8, 400000000, 999998000
1252, 36.3, 400000000, 1000000000
1253, 35.8, 400000000, 1000000000
1254, 35.8, 400000000, 1000000000
1255, 35.8, 399999000, 1000000000
1256, 35.8, 400000000, 1000000000
1257, 36.3, 399999000, 1000000000
1258, 35.8, 399999000, 1000000000
1259, 35.8, 400000000, 1000000000
1260, 35.8, 400000000, 1000000000
1261, 35.8, 400000000, 1000000000
1262, 35.8, 400000000, 1000000000
1263, 35.8, 400000000, 1000000000
1264, 35.8, 399999000, 1000000000
1265, 35.8, 400000000, 1000000000
1266, 35.8, 400000000, 999998000
1267, 35.8, 400000000, 1000000000
1268, 35.8, 400000000, 1000000000
1269, 35.8, 400000000, 1000000000
1270, 36.3, 400000000, 1000000000
1271, 35.8, 400000000, 1000000000
1272, 35.8, 400000000, 1000000000
1273, 35.8, 400000000, 1000000000
1274, 36.3, 400000000, 1000000000
1275, 36.3, 399999000, 1000000000
1276, 36.3, 400000000, 1000000000
1277, 35.8, 399999000, 1000000000
1278, 35.8, 400000000, 1000000000
1279, 35.8, 400000000, 1000000000
1280, 35.8, 400000000, 1000000000
1281, 35.8, 399999000, 1000000000
1282, 35.8, 400000000, 999998000
1283, 35.8, 400000000, 1000000000
1284, 35.8, 400000000, 1000000000
1285, 35.8, 400000000, 1000000000
1286, 35.8, 400000000, 1000000000
1287, 35.8, 400000000, 1000000000
1288, 35.8, 400000000, 1000000000
1289, 35.8, 400000000, 1000000000
1290, 35.8, 399999000, 1000000000
1291, 35.8, 399999000, 1000000000
1292, 35.8, 400000000, 1000000000
1293, 35.8, 400000000, 1000000000
1294, 35.8, 400000000, 1000000000
1295, 35.8, 400000000, 1000000000
1296, 35.8, 400000000, 1000000000
1297, 35.8, 400000000, 1000000000
1298, 35.8, 400000000, 1000000000
1299, 35.8, 400000000, 1000000000
1300, 35.8, 400000000, 1000000000
1301, 35.8, 400000000, 1000000000
1302, 35.2, 400000000, 999998000
1303, 35.8, 400000000, 1000000000
1304, 35.8, 400000000, 1000000000
1305, 36.3, 400000000, 999998000
1306, 35.8, 400000000, 1000000000
1307, 35.8, 400000000, 1000000000
1308, 35.8, 400000000, 1000000000
1309, 35.8, 400000000, 1000000000
1310, 36.3, 400000000, 1000000000
1311, 35.8, 400000000, 1000000000
1312, 35.8, 400000000, 1000000000
1313, 35.8, 400000000, 1000000000
1314, 35.8, 400000000, 1000000000
1315, 35.8, 400000000, 1000000000
1316, 35.8, 399999000, 1000000000
1317, 35.8, 400000000, 1000000000
1318, 35.8, 400000000, 1000000000
1319, 35.2, 400000000, 1000000000
1320, 36.3, 400000000, 1000000000
1321, 35.8, 400000000, 1000000000
1322, 35.8, 400000000, 1000000000
1323, 35.8, 399999000, 1000000000
1324, 36.3, 400000000, 1000000000
1325, 35.8, 400000000, 1000000000
1326, 35.8, 400000000, 1000000000
1327, 35.8, 400000000, 999998000
1328, 35.8, 400000000, 1000000000
1329, 35.8, 400000000, 1000000000
1330, 35.8, 400000000, 1000000000
1331, 35.8, 400000000, 1000000000
1332, 35.8, 400000000, 1000000000
1333, 35.8, 400000000, 1000000000
1334, 35.8, 400000000, 1000000000
1335, 35.8, 400000000, 1000000000
1336, 35.8, 400000000, 1000000000
1337, 35.2, 400000000, 1000000000
1338, 36.3, 399999000, 1000000000
1339, 35.8, 400000000, 1000000000
1340, 35.8, 400000000, 1000000000
1341, 35.8, 400000000, 1000000000
1342, 35.8, 400000000, 1000000000
1343, 35.8, 400000000, 1000000000
1344, 35.8, 400000000, 1000000000
1345, 35.8, 400000000, 1000000000
1346, 35.8, 400000000, 1000000000
1347, 35.8, 400000000, 1000000000
1348, 36.3, 400000000, 1000000000
1349, 35.8, 400000000, 1000000000
1350, 35.8, 400000000, 1000000000
1351, 35.8, 400000000, 1000000000
1352, 35.8, 400000000, 999998000
1353, 35.8, 400000000, 1000000000
1354, 35.8, 400000000, 1000000000
1355, 35.8, 400000000, 1000002000
1356, 35.8, 400000000, 1000000000
1357, 35.8, 400000000, 1000000000
1358, 35.8, 400000000, 1000000000
1359, 35.8, 400000000, 1000000000
1360, 35.8, 400000000, 1000000000
1361, 35.8, 400000000, 1000000000
1362, 35.8, 400000000, 1000000000
1363, 35.8, 400000000, 1000000000
1364, 35.8, 400000000, 1000000000
1365, 35.8, 400000000, 1000000000
1366, 35.8, 399999000, 1000000000
1367, 36.3, 400000000, 1000000000
1368, 35.8, 400000000, 999998000
1369, 35.8, 400000000, 1000000000
1370, 35.8, 400000000, 999998000
1371, 35.8, 399999000, 1000000000
1372, 35.8, 400000000, 1000000000
1373, 35.8, 400000000, 1000000000
1374, 35.8, 400000000, 1000000000
1375, 35.2, 400000000, 1000000000
1376, 35.8, 400000000, 1000000000
1377, 35.8, 399999000, 1000000000
1378, 35.8, 400000000, 1000000000
1379, 35.8, 400000000, 1000000000
1380, 35.8, 400000000, 999998000
1381, 35.8, 400000000, 1000000000
1382, 35.8, 400000000, 1000000000
1383, 35.8, 400000000, 1000000000
1384, 35.8, 400000000, 1000000000
1385, 35.8, 400000000, 1000000000
1386, 35.8, 400000000, 1000000000
1387, 35.8, 400000000, 1000000000
1388, 35.8, 400000000, 1000000000
1389, 35.8, 400000000, 1000000000
1390, 35.8, 399999000, 1000000000
1391, 35.8, 400000000, 1000000000
1392, 35.8, 400000000, 1000000000
1393, 35.8, 400000000, 1000000000
1394, 35.8, 399999000, 1000000000
1395, 35.8, 400000000, 1000000000
1396, 35.8, 400000000, 1000000000
1397, 35.8, 400000000, 1000000000
1398, 35.8, 399999000, 1000000000
1399, 35.8, 400000000, 1000000000
1400, 35.8, 400000000, 1000000000
1401, 35.8, 400000000, 1000000000
1402, 35.8, 400000000, 1000000000
1403, 35.8, 400000000, 1000000000
1404, 35.8, 400000000, 1000000000
1405, 35.8, 400000000, 1000000000
1406, 35.8, 400000000, 1000000000
1407, 35.8, 400000000, 1000000000
1408, 35.8, 400000000, 1000000000
1409, 35.8, 400000000, 1000000000
1410, 35.8, 400000000, 1000000000
1411, 35.8, 400000000, 1000000000
1412, 35.8, 400001000, 1000002000
1413, 36.3, 400000000, 1000000000
1414, 35.2, 400000000, 1000000000
1415, 35.8, 400000000, 1000000000
1416, 35.8, 400000000, 1000000000
1417, 35.8, 400000000, 1000000000
1418, 35.8, 399999000, 1000000000
1419, 35.2, 400000000, 1000000000
1420, 35.8, 399999000, 1000000000
1421, 35.8, 400000000, 1000000000
1422, 35.8, 400000000, 1000000000
1423, 35.8, 400000000, 999998000
1424, 35.8, 400000000, 1000000000
1425, 35.8, 399999000, 1000000000
1426, 35.8, 399999000, 1000000000
1427, 35.2, 400000000, 1000000000
1428, 35.8, 400000000, 999998000
1429, 35.2, 400000000, 1000000000
1430, 35.8, 399999000, 1000000000
1431, 35.8, 400000000, 1000000000
1432, 35.8, 400000000, 1000000000
1433, 35.8, 399999000, 1000000000
1434, 35.8, 400000000, 1000000000
1435, 35.8, 400000000, 1000002000
1436, 35.8, 400000000, 1000000000
1437, 35.8, 399999000, 1000000000
1438, 35.2, 400000000, 1000000000
1439, 35.8, 400000000, 999998000
1440, 36.3, 400000000, 1000000000
1441, 35.8, 400000000, 1000000000
1442, 35.8, 400000000, 1000000000
1443, 35.8, 400000000, 1000000000
1444, 35.8, 400000000, 1000000000
1445, 35.8, 400000000, 1000000000
1446, 35.8, 400000000, 1000000000
1447, 35.8, 400000000, 1000000000
1448, 35.8, 400000000, 1000000000
1449, 35.8, 400000000, 1000000000
1450, 35.8, 400000000, 1000000000
1451, 35.8, 400000000, 1000000000
1452, 35.8, 400000000, 1000000000
1453, 35.2, 400000000, 1000000000
1454, 35.2, 400000000, 1000000000
1455, 35.8, 400000000, 1000000000
1456, 35.8, 399999000, 1000000000
1457, 35.8, 400000000, 1000000000
1458, 35.8, 400000000, 1000000000
1459, 35.8, 399999000, 1000000000
1460, 35.2, 400000000, 1000000000
1461, 35.8, 400000000, 1000000000
1462, 35.8, 400000000, 1000000000
1463, 35.8, 400000000, 1000000000
1464, 35.8, 400000000, 1000002000
1465, 35.8, 400000000, 1000000000
1466, 35.8, 400000000, 1000000000
1467, 35.8, 400000000, 1000000000
1468, 35.8, 399999000, 1000000000
1469, 35.8, 400000000, 1000000000
1470, 35.8, 400000000, 1000000000
1471, 35.2, 400000000, 1000000000
1472, 35.8, 400001000, 1000000000
1473, 35.8, 399999000, 1000000000
1474, 35.8, 400000000, 1000000000
1475, 35.8, 400000000, 999998000
1476, 35.8, 400000000, 1000000000
1477, 35.8, 400000000, 1000000000
1478, 34.7, 400000000, 1000000000
1479, 35.8, 399999000, 1000000000
1480, 35.8, 400000000, 1000000000
1481, 35.8, 400000000, 1000000000
1482, 35.8, 400000000, 1000000000
1483, 35.8, 400000000, 1000000000
1484, 35.8, 399999000, 1000000000
1485, 35.8, 400000000, 1000002000
1486, 35.8, 400000000, 1000000000
1487, 35.8, 400000000, 1000000000
1488, 35.8, 400000000, 1000000000
1489, 35.8, 400000000, 1000000000
1490, 35.8, 400000000, 1000000000
1491, 35.2, 400000000, 1000000000
1492, 35.8, 399999000, 1000000000
1493, 35.8, 400000000, 1000000000
1494, 35.8, 400000000, 1000000000
1495, 35.8, 400000000, 1000000000
1496, 35.2, 400000000, 1000002000
1497, 35.2, 399999000, 1000000000
1498, 35.8, 400000000, 1000000000
1499, 35.8, 399999000, 1000000000
1500, 35.8, 400000000, 1000000000
1501, 35.8, 399999000, 1000000000
1502, 35.8, 399999000, 1000000000
1503, 35.8, 400000000, 1000000000
1504, 35.8, 399999000, 1000000000
1505, 35.8, 400000000, 1000000000
1506, 35.8, 400000000, 1000000000
1507, 35.8, 400000000, 1000000000
1508, 35.8, 400000000, 1000000000
1509, 35.2, 400000000, 1000000000
1510, 35.8, 399999000, 1000000000
1511, 35.8, 399999000, 1000000000
1512, 35.2, 400000000, 1000000000
1513, 35.8, 400000000, 1000000000
1514, 35.8, 400000000, 1000000000
1515, 35.8, 400000000, 1000000000
1516, 35.2, 400000000, 1000000000
1517, 35.8, 399999000, 999998000
1518, 35.8, 400000000, 1000000000
1519, 35.8, 399999000, 1000000000
1520, 35.8, 400000000, 1000000000
1521, 35.8, 400000000, 999998000
1522, 35.8, 400000000, 1000000000
1523, 35.8, 399999000, 1000000000
1524, 35.8, 400000000, 1000000000
1525, 35.8, 400000000, 1000000000
1526, 35.2, 400000000, 1000000000
1527, 35.8, 400000000, 1000000000
1528, 35.8, 400000000, 1000000000
1529, 35.8, 399999000, 1000000000
1530, 35.8, 400000000, 999998000
1531, 35.2, 399999000, 1000000000
1532, 35.8, 400000000, 1000000000
1533, 35.8, 400000000, 1000000000
1534, 35.8, 400000000, 1000000000
1535, 35.8, 400000000, 1000000000
1536, 35.8, 400000000, 1000000000
1537, 35.8, 400000000, 1000000000
1538, 35.8, 400000000, 1000000000
1539, 35.8, 400000000, 1000000000
1540, 35.8, 400000000, 1000000000
1541, 35.8, 400000000, 1000000000
1542, 35.8, 400000000, 1000000000
1543, 35.8, 400000000, 1000000000
1544, 35.8, 399999000, 1000000000
1545, 35.8, 400000000, 1000000000
1546, 35.8, 400000000, 1000000000
1547, 35.8, 400000000, 1000000000
1548, 35.8, 400000000, 1000000000
1549, 35.8, 400000000, 1000000000
1550, 35.2, 399999000, 1000000000
1551, 35.8, 400000000, 1000000000
1552, 35.8, 400000000, 1000000000
1553, 35.8, 400000000, 1000000000
1554, 35.8, 400000000, 1000000000
1555, 35.8, 400000000, 1000000000
1556, 35.8, 400000000, 1000000000
1557, 35.8, 400000000, 1000002000
1558, 35.8, 400000000, 1000000000
1559, 35.8, 400000000, 1000000000
1560, 35.8, 400000000, 1000000000
1561, 35.2, 400000000, 1000000000
1562, 35.2, 400000000, 1000000000
1563, 35.8, 400000000, 1000000000
1564, 35.8, 400000000, 1000000000
1565, 35.8, 400000000, 1000000000
1566, 35.8, 400000000, 1000000000
1567, 35.8, 400000000, 1000000000
1568, 35.8, 400000000, 1000000000
1569, 35.8, 399999000, 1000000000
1570, 35.8, 400000000, 1000000000
1571, 35.8, 400000000, 1000000000
1572, 35.8, 400000000, 1000000000
1573, 35.8, 400000000, 1000000000
1574, 35.2, 400000000, 1000000000
1575, 35.8, 400000000, 1000000000
1576, 35.8, 400000000, 1000000000
1577, 35.8, 400000000, 1000000000
1578, 35.8, 400000000, 1000000000
1579, 35.8, 400000000, 1000000000
1580, 35.2, 400001000, 1000000000
1581, 35.8, 399999000, 1000000000
1582, 35.2, 399999000, 1000000000
1583, 35.8, 400000000, 1000000000
1584, 35.8, 400000000, 1000000000
1585, 35.8, 400000000, 1000000000
1586, 35.2, 399999000, 1000000000
1587, 35.8, 400000000, 1000000000
1588, 35.2, 400000000, 1000000000
1589, 34.7, 400000000, 1000000000
1590, 35.8, 400000000, 1000000000
1591, 35.2, 400000000, 1000000000
1592, 35.2, 400000000, 1000000000
1593, 35.2, 400000000, 1000000000
1594, 35.8, 400000000, 1000000000
1595, 35.2, 400000000, 1000000000
1596, 35.8, 400000000, 1000000000
1597, 35.8, 400000000, 1000000000
1598, 35.2, 400000000, 1000000000
1599, 35.8, 400000000, 1000000000
1600, 35.8, 400000000, 1000000000
1601, 35.8, 399999000, 1000000000
1602, 35.8, 400000000, 1000000000
1603, 35.8, 399999000, 1000000000
1604, 34.7, 400000000, 1000000000
1605, 35.2, 400000000, 1000000000
1606, 35.8, 400000000, 1000000000
1607, 35.8, 400000000, 1000000000
1608, 35.8, 400000000, 1000000000
1609, 35.8, 399999000, 1000000000
1610, 35.8, 400000000, 1000000000
1611, 35.8, 399999000, 999998000
1612, 34.7, 400000000, 1000000000
1613, 35.2, 400000000, 1000000000
1614, 34.7, 400000000, 1000000000
1615, 35.8, 400000000, 1000000000
1616, 35.8, 400000000, 1000000000
1617, 35.2, 400000000, 1000000000
1618, 35.2, 400000000, 1000000000
1619, 35.8, 400000000, 1000000000
1620, 35.8, 400000000, 1000000000
1621, 34.7, 400000000, 1000000000
1622, 34.7, 400000000, 1000000000
1623, 35.8, 400000000, 1000002000
1624, 35.8, 400000000, 1000000000
1625, 35.8, 400000000, 1000000000
1626, 35.8, 399999000, 1000000000
1627, 35.8, 400000000, 1000002000
1628, 35.8, 400000000, 1000000000
1629, 35.8, 400000000, 1000000000
1630, 35.8, 399999000, 1000000000
1631, 35.8, 400000000, 1000000000
1632, 35.8, 400000000, 1000000000
1633, 35.8, 400000000, 1000000000
1634, 35.8, 400000000, 1000000000
1635, 35.2, 400000000, 999998000
1636, 35.8, 400000000, 1000000000
1637, 35.8, 399999000, 1000000000
1638, 35.2, 400000000, 1000000000
1639, 35.8, 400000000, 1000000000
1640, 35.8, 399999000, 1000000000
1641, 35.8, 400000000, 1000000000
1642, 35.8, 400000000, 1000000000
1643, 35.2, 400000000, 1000000000
1644, 35.2, 400000000, 1000000000
1645, 35.8, 400000000, 1000000000
1646, 34.7, 400000000, 1000000000
1647, 35.2, 400000000, 1000000000
1648, 35.8, 400000000, 1000000000
1649, 35.8, 400000000, 1000000000
1650, 35.8, 400000000, 999998000
1651, 35.2, 400000000, 1000000000
1652, 35.8, 399999000, 1000000000
1653, 35.8, 400000000, 1000000000
1654, 35.2, 399999000, 1000000000
1655, 35.8, 400000000, 1000000000
1656, 35.2, 400000000, 1000000000
1657, 35.8, 400000000, 1000000000
1658, 35.8, 400000000, 1000000000
1659, 35.8, 399999000, 1000000000
1660, 35.2, 400000000, 1000000000
1661, 35.8, 400000000, 1000000000
1662, 35.2, 400000000, 1000000000
1663, 35.8, 400000000, 1000000000
1664, 35.8, 400000000, 1000000000
1665, 35.8, 399999000, 1000000000
1666, 35.8, 400000000, 1000000000
1667, 35.8, 400000000, 1000000000
1668, 35.8, 400001000, 1000000000
1669, 34.7, 400000000, 1000000000
1670, 35.8, 399999000, 1000000000
1671, 35.8, 400000000, 1000000000
1672, 35.8, 400000000, 1000000000
1673, 35.2, 400000000, 1000000000
1674, 35.8, 399999000, 1000000000
1675, 35.2, 400000000, 1000000000
1676, 35.8, 400000000, 1000000000
1677, 35.2, 400000000, 1000000000
1678, 35.8, 400000000, 1000000000
1679, 35.8, 399999000, 999998000
1680, 35.8, 400000000, 1000000000
1681, 35.8, 400000000, 999998000
1682, 34.7, 400000000, 1000000000
1683, 35.8, 400000000, 999998000
1684, 35.2, 400000000, 1000000000
1685, 35.2, 400000000, 1000000000
1686, 35.2, 399999000, 1000000000
1687, 34.7, 400000000, 1000000000
1688, 35.8, 400000000, 1000000000
1689, 35.8, 399999000, 1000000000
1690, 35.8, 400000000, 1000000000
1691, 35.2, 400000000, 1000000000
1692, 34.7, 400000000, 999998000
1693, 35.8, 399999000, 999998000
1694, 35.8, 400000000, 1000000000
1695, 35.8, 400000000, 1000000000
1696, 35.8, 400000000, 1000000000
1697, 35.8, 400000000, 1000000000
1698, 35.8, 400000000, 999998000
1699, 35.8, 400000000, 999998000
1700, 35.2, 399999000, 1000000000
1701, 35.2, 400000000, 1000000000
1702, 35.8, 399999000, 1000000000
1703, 35.2, 400000000, 1000000000
1704, 35.8, 400000000, 1000000000
1705, 35.2, 400000000, 1000000000
1706, 35.2, 400000000, 1000000000
1707, 35.2, 400000000, 1000000000
1708, 35.8, 399999000, 1000000000
1709, 36.3, 400000000, 1000000000
1710, 34.7, 400000000, 1000000000
1711, 35.2, 400000000, 999998000
1712, 35.8, 400000000, 1000000000
1713, 35.8, 400000000, 1000000000
1714, 35.8, 400000000, 1000000000
1715, 35.8, 399999000, 1000000000
1716, 35.8, 400000000, 1000000000
1717, 35.8, 400000000, 1000000000
1718, 35.8, 399999000, 1000000000
1719, 35.8, 400000000, 1000000000
1720, 35.8, 400000000, 999998000
1721, 35.8, 400000000, 1000000000
1722, 35.8, 400000000, 1000000000
1723, 34.7, 400000000, 1000000000
1724, 35.2, 400000000, 1000000000
1725, 34.7, 400000000, 999998000
1726, 35.8, 400000000, 1000000000
1727, 35.8, 399999000, 1000000000
1728, 34.7, 400000000, 1000000000
1729, 34.7, 400000000, 1000000000
1730, 34.7, 400000000, 1000000000
1731, 35.8, 400000000, 1000000000
1732, 35.8, 400000000, 1000000000
1733, 35.2, 400000000, 1000000000
1734, 35.8, 400000000, 1000000000
1735, 34.7, 400000000, 1000000000
1736, 35.2, 400000000, 1000000000
1737, 35.8, 400000000, 1000000000
1738, 35.2, 399999000, 1000000000
1739, 35.8, 400000000, 1000000000
1740, 35.8, 399999000, 1000000000
1741, 35.8, 400000000, 1000000000
1742, 35.8, 400000000, 1000000000
1743, 35.2, 400000000, 1000000000
1744, 35.8, 400000000, 1000000000
1745, 35.2, 399999000, 1000000000
1746, 35.8, 400000000, 1000000000
1747, 35.8, 400000000, 1000000000
1748, 35.8, 400000000, 1000000000
1749, 35.2, 400000000, 1000000000
1750, 35.8, 400000000, 1000000000
1751, 35.8, 400000000, 1000000000
1752, 35.8, 400000000, 1000000000
1753, 35.8, 400000000, 1000000000
1754, 35.2, 399999000, 1000000000
1755, 35.8, 400000000, 1000000000
1756, 35.2, 400000000, 1000000000
1757, 35.8, 399999000, 1000000000
1758, 35.8, 400000000, 1000000000
1759, 35.2, 399999000, 1000000000
1760, 35.8, 400000000, 1000000000
1761, 35.2, 400000000, 1000000000
1762, 35.8, 400000000, 999998000
1763, 35.2, 400000000, 999998000
1764, 35.8, 400000000, 1000000000
1765, 35.8, 400000000, 1000000000
1766, 35.8, 400000000, 1000000000
1767, 35.2, 400000000, 1000000000
1768, 35.8, 400000000, 1000000000
1769, 35.2, 400000000, 1000000000
1770, 35.8, 400000000, 1000000000
1771, 35.2, 400000000, 1000000000
1772, 34.7, 400000000, 1000000000
1773, 35.2, 400000000, 1000000000
1774, 35.8, 400000000, 1000000000
1775, 35.2, 400000000, 1000000000
1776, 35.8, 400000000, 1000000000
1777, 35.8, 400000000, 1000000000
1778, 35.8, 400000000, 1000000000
1779, 35.8, 400000000, 1000000000
1780, 35.8, 400000000, 1000000000
1781, 34.7, 400000000, 999998000
1782, 35.8, 400000000, 1000000000
1783, 35.2, 400000000, 1000000000
1784, 35.8, 400000000, 1000000000
1785, 35.8, 400000000, 1000000000
1786, 35.2, 400000000, 1000000000
1787, 35.8, 400000000, 1000000000
1788, 34.7, 400000000, 1000000000
1789, 35.8, 400000000, 1000000000
1790, 35.2, 399999000, 1000000000
1791, 35.8, 400000000, 1000000000
1792, 34.7, 399999000, 1000000000
1793, 35.2, 400000000, 1000000000
1794, 35.8, 399999000, 1000000000
1795, 35.2, 400000000, 1000000000
1796, 35.8, 400000000, 1000000000
1797, 35.2, 400000000, 1000000000
1798, 35.8, 399999000, 1000000000
1799, 35.8, 400000000, 1000000000
1800, 34.7, 400000000, 1000000000
1801, 35.2, 400000000, 1000000000
1802, 35.2, 400000000, 1000000000
1803, 34.7, 400000000, 1000000000
1804, 35.2, 399999000, 1000000000
1805, 35.2, 400000000, 1000000000
1806, 35.2, 400000000, 1000000000
1807, 35.8, 399999000, 1000000000
1808, 35.2, 400000000, 1000000000
1809, 35.8, 400000000, 1000000000
1810, 35.8, 400000000, 1000000000
1811, 35.8, 400000000, 1000000000
1812, 35.8, 400000000, 999998000
1813, 35.2, 400000000, 1000000000
1814, 35.8, 400000000, 1000000000
1815, 35.2, 400000000, 999998000
1816, 35.8, 400000000, 999998000
1817, 35.2, 400000000, 1000000000
1818, 35.2, 400000000, 1000000000
1819, 35.2, 400000000, 1000000000
1820, 35.8, 400000000, 1000000000
1821, 35.8, 399999000, 1000000000
1822, 34.7, 400000000, 1000000000
1823, 34.7, 400000000, 1000000000
1824, 35.8, 400000000, 1000000000
1825, 35.8, 400000000, 1000000000
1826, 35.2, 400000000, 1000000000
1827, 35.2, 400000000, 1000000000
1828, 35.2, 400000000, 1000000000
1829, 35.2, 400000000, 1000000000
1830, 35.8, 400000000, 1000000000
1831, 34.7, 400000000, 1000000000
1832, 35.8, 399999000, 1000000000
1833, 35.2, 400000000, 1000000000
1834, 35.8, 399999000, 999998000
1835, 34.7, 400000000, 1000000000
1836, 35.2, 400000000, 1000000000
1837, 35.8, 400000000, 999998000
1838, 34.7, 400000000, 999998000
1839, 35.8, 399999000, 1000002000
1840, 35.8, 400000000, 1000000000
1841, 35.8, 400000000, 1000000000
1842, 34.7, 400000000, 1000000000
1843, 35.8, 400000000, 1000000000
1844, 35.8, 399999000, 1000000000
1845, 35.2, 400000000, 1000000000
1846, 34.7, 400000000, 1000000000
1847, 35.2, 400000000, 1000000000
1848, 35.2, 400000000, 1000000000
1849, 35.2, 400000000, 1000000000
1850, 35.8, 399999000, 1000000000
1851, 35.2, 399999000, 999998000
1852, 34.7, 400000000, 1000000000
1853, 35.2, 400000000, 1000000000
1854, 35.8, 400000000, 1000000000
1855, 35.2, 400000000, 1000000000
1856, 35.2, 400000000, 1000000000
1857, 34.7, 400000000, 1000000000
1858, 35.8, 400000000, 999998000
1859, 34.7, 400000000, 1000000000
1860, 35.2, 399999000, 1000000000
1861, 35.8, 400000000, 1000000000
1862, 35.8, 400000000, 1000000000
1863, 35.2, 400000000, 1000000000
1864, 35.8, 400000000, 1000000000
1865, 35.2, 400000000, 1000000000
1866, 35.8, 400000000, 1000000000
1867, 35.2, 400000000, 1000000000
1868, 35.8, 400000000, 1000000000
1869, 35.8, 399999000, 1000000000
1870, 34.7, 400000000, 1000000000
1871, 35.8, 400000000, 1000000000
1872, 35.2, 400000000, 1000000000
1873, 35.8, 399999000, 1000000000
1874, 34.7, 399999000, 1000000000
1875, 34.7, 400000000, 1000000000
1876, 35.8, 400000000, 1000000000
1877, 35.8, 400000000, 1000002000
1878, 35.2, 400000000, 1000000000
1879, 34.7, 400000000, 1000000000
1880, 34.7, 400000000, 1000000000
1881, 35.8, 400000000, 1000000000
1882, 35.2, 400000000, 999998000
1883, 35.2, 400000000, 1000000000
1884, 35.8, 400000000, 1000000000
1885, 35.2, 400000000, 1000000000
1886, 35.8, 400000000, 1000000000
1887, 35.2, 400000000, 1000000000
1888, 35.2, 400000000, 1000000000
1889, 34.7, 400000000, 1000000000
1890, 35.8, 400000000, 1000000000
1891, 35.2, 400000000, 1000000000
1892, 34.7, 400000000, 1000000000
1893, 35.2, 400000000, 1000000000
1894, 35.2, 399999000, 1000000000
1895, 34.7, 400000000, 1000000000
1896, 35.2, 400000000, 1000000000
1897, 35.2, 400000000, 1000000000
1898, 35.8, 400000000, 1000000000
1899, 34.7, 400000000, 1000000000
1900, 35.8, 400000000, 1000000000
1901, 35.2, 400000000, 999998000
1902, 35.8, 400000000, 1000000000
1903, 35.2, 400000000, 1000000000
1904, 35.2, 400000000, 999998000
1905, 34.7, 400000000, 1000000000
1906, 35.2, 399999000, 1000000000
1907, 35.2, 400000000, 999998000
1908, 35.8, 400000000, 1000000000
1909, 35.2, 400000000, 999998000
1910, 35.2, 400000000, 1000002000
1911, 35.8, 400000000, 1000000000
1912, 35.8, 400000000, 1000000000
1913, 34.7, 399999000, 1000000000
1914, 35.2, 400000000, 1000000000
1915, 34.7, 400000000, 1000000000
1916, 34.7, 400000000, 1000000000
1917, 35.8, 400000000, 1000000000
1918, 35.8, 400000000, 1000000000
1919, 34.7, 400000000, 1000000000
1920, 34.7, 400000000, 1000000000
1921, 34.7, 400000000, 1000000000
1922, 35.2, 400000000, 1000000000
1923, 35.2, 400000000, 1000000000
1924, 35.8, 399999000, 1000000000
1925, 35.8, 400000000, 1000000000
1926, 35.2, 400000000, 1000002000
1927, 35.2, 400000000, 1000000000
1928, 35.2, 400000000, 1000000000
1929, 35.2, 400000000, 1000000000
1930, 35.8, 400000000, 1000000000
1931, 35.2, 400000000, 1000000000
1932, 34.7, 400000000, 1000000000
1933, 35.8, 400000000, 1000000000
1934, 35.2, 400000000, 1000000000
1935, 35.8, 400000000, 1000000000
1936, 35.8, 400000000, 1000000000
1937, 35.2, 400000000, 1000000000
1938, 35.2, 400000000, 1000000000
1939, 35.8, 399999000, 1000000000
1940, 35.8, 400000000, 1000000000
1941, 35.2, 400000000, 1000000000
1942, 35.2, 400000000, 1000000000
1943, 34.7, 400000000, 1000000000
1944, 35.8, 400000000, 1000000000
1945, 34.7, 400000000, 1000000000
1946, 35.2, 400000000, 999998000
1947, 34.7, 400000000, 1000000000
1948, 35.2, 400000000, 1000000000
1949, 35.2, 400000000, 999998000
1950, 35.2, 400000000, 1000000000
1951, 35.2, 400000000, 1000000000
1952, 35.2, 400000000, 1000000000
1953, 35.8, 400000000, 1000000000
1954, 34.7, 400000000, 1000000000
1955, 35.2, 400000000, 1000000000
1956, 35.2, 399999000, 1000000000
1957, 35.8, 400000000, 1000000000
1958, 34.7, 400000000, 999998000
1959, 35.2, 400000000, 1000000000
1960, 35.8, 400000000, 1000000000
1961, 34.7, 400000000, 999998000
